# callgrind format
version: 1
creator: callgrind-3.15.0
pid: 3764
cmd:  ./codec voice.wav output_soft.wav
part: 1


desc: I1 cache: 
desc: D1 cache: 
desc: LL cache: 

desc: Timerange: Basic block 0 - 5569209
desc: Trigger: Program termination

positions: line
events: Ir
summary: 28853735


ob=(5) /workspace/ARMHF32_VM/codec
fl=(69) ???
fn=(304) main
0 14
cob=(3) /usr/lib/arm-linux-gnueabihf/libc-2.31.so
cfi=(75) /build/glibc-B7ONIp/glibc-2.31/libio/iofopen.c
cfn=(308) fopen@@GLIBC_2.4
calls=1 86 
0 28732742
0 3
fi=(70) /build/glibc-B7ONIp/glibc-2.31/csu/libc-start.c
342 1
cob=(3)
cfi=(111) /build/glibc-B7ONIp/glibc-2.31/stdlib/exit.c
cfn=(496) exit
calls=1 139 
* 2140
fe=(69)

fn=(305) main'2
0 1474032
cob=(3)
cfi=(103) /build/glibc-B7ONIp/glibc-2.31/libio/iofclose.c
cfn=(448) fclose@@GLIBC_2.4
calls=1 48 
0 4651
cfn=(437) ulaw_compress'2
calls=92126 0 
0 1321106156932
cob=(3)
cfi=(94) /build/glibc-B7ONIp/glibc-2.31/libio/iofread.c
cfn=(375) fread'2
calls=92127 31 
0 11061973
cob=(3)
cfi=(100) /build/glibc-B7ONIp/glibc-2.31/libio/iofwrite.c
cfn=(418) fwrite
calls=92127 31 
0 12352674
0 1474034

fn=(504) 0x00000761
0 14
cfn=(514) 0x00000701
calls=1 0 
0 14
cob=(3)
cfi=(114) /build/glibc-B7ONIp/glibc-2.31/stdlib/cxa_finalize.c
cfn=(508) __cxa_finalize
calls=1 30 
0 96
0 4
fi=(113) /build/glibc-B7ONIp/glibc-2.31/elf/dl-fini.c
111 1
+2 3
+6 1
-3 2
+3 2
+4 5
+12 1
-1 2
+1 1
-1 1
+1 1
+2 3
+1 2
cob=(4) /usr/lib/arm-linux-gnueabihf/valgrind/vgpreload_core-arm-linux.so
cfi=(63) ???
cfn=(522) 0x000003c1
calls=1 0 
* 975
-1 3
+5 2
+1 4
cob=(2) ???
cfi=(19) ???
cfn=(520) 0x00108860
calls=1 0 
* 2
+6 7
-40 1
+59 1
-59 1
+59 2
-59 1
fe=(69)

fn=(518) 0x00000783
0 5

fn=(292) 0x000007a1
0 13

fn=(284) __libc_csu_init
0 8
cob=(2)
cfi=(19)
cfn=(286) 0x001084d4
calls=1 0 
0 9
0 12
cfn=(292)
calls=1 0 
0 13
0 3

fn=(514)
0 9
cfn=(518)
calls=1 0 
0 5

fn=(288) 0x000006dc
0 6

fn=(272) 0x00000695
0 17
cob=(3)
cfi=(70)
cfn=(276) (below main)
calls=1 137 
0 28735123
0 3

fn=(436) ulaw_compress
0 19
cfn=(305)
calls=1 0 
0 28662309

fn=(437)
0 2223280
cfn=(305)
calls=77793 0 
0 1088339048363
0 71665
cfn=(305)
calls=14333 0 
0 232764813624

ob=(1) /usr/lib/arm-linux-gnueabihf/ld-2.31.so
fl=(82) /build/glibc-B7ONIp/glibc-2.31/elf/dl-open.c
fn=(330) _dl_find_dso_for_object
201 1
+4 8
+1 2
+1 18
+1 3
-2 6
+5 3
+4 2

fl=(14) /build/glibc-B7ONIp/glibc-2.31/string/../sysdeps/arm/armv6t2/strlen.S
fn=(28) strlen
54 12
+1 12
+5 12
+1 12
+1 12
+1 12
+1 12
+1 7
+1 7
+3 7
+1 7
+1 7
+2 7
+1 7
+1 7
+1 7
+1 7
+3 6
+1 6
+1 6
+1 6
+1 6
+1 6
+1 6
+3 6
+1 6
+1 6
+1 6
+1 6
+1 6
+1 6
+3 6
+1 6
+1 6
+1 6
+1 6
+1 6
+1 6
+1 6
+1 6
-37 9
+1 9
+1 9
+2 9
+1 9
+1 9
+1 9
+1 9
+3 3
+1 3
+1 3
+1 3
+1 3
+1 3
+1 3
+3 3
+1 3
+1 3
+1 3
+1 3
+1 3
+1 3
+3 3
+1 3
+1 3
+1 3
+1 3
+1 3
+1 3
+1 3
+1 3
-33 5
+1 5
+1 5
+1 5
+1 5
+3 4
+1 4
+1 4
+1 4
+1 4
+1 4
+1 4
+3 1
+1 1
+1 1
+1 1
+1 1
+1 1
+1 1
+14 12
+1 12
+1 12
+1 12
+2 12
+2 12
+1 12
+4 12
+1 12
cfi=(28) /build/glibc-B7ONIp/glibc-2.31/elf/dl-load.c
cfn=(77) _dl_init_paths'2
calls=1 798 
* 980
+4 5
+1 5
+1 5
+1 5
+1 5
+1 5
+1 5
+1 5
+1 5
+1 5
+1 5
+1 5
+1 5

fn=(29) strlen'2
54 2
+1 2
+5 2
+1 2
+1 2
+1 2
+1 2
+1 2
+1 2
+3 2
+1 2
+1 2
+2 2
+1 2
+1 2
+1 2
+1 2
+3 2
+1 2
+1 2
+1 2
+1 2
+1 2
+1 2
+23 2
+1 2
+1 2
+1 2
+2 2
+2 2
+1 2
+4 2
+1 2

fl=(38) /build/glibc-B7ONIp/glibc-2.31/elf/dl-error-skeleton.c
fn=(122) _dl_catch_error
fi=(2) /build/glibc-B7ONIp/glibc-2.31/elf/rtld.c
781 2
+8 4
+6 2
fe=(38)
225 5
+2 4
cfn=(126) _dl_catch_exception
calls=1 -52 
* 2843
* 3

fn=(126)
fi=(51) /build/glibc-B7ONIp/glibc-2.31/elf/dl-deps.c
248 3
-2 1
+2 3
cfi=(56) /build/glibc-B7ONIp/glibc-2.31/malloc/scratch_buffer_set_array_size.c
cfn=(184) __libc_scratch_buffer_set_array_size
calls=1 30 
* 1491
cfi=(38)
cfn=(127) _dl_catch_exception'2
calls=1 -73 
* 290
* 297
+1 3
+9 1
+2 3
+13 1
-8 1
+10 1
-2 2
-8 1
+4 1
+1 1
+1 1
+4 1
-4 1
+4 3
+4 2
-42 3
+1 2
+6 5
cfi=(28)
cfn=(92) _dl_dst_count
calls=1 -13 
* 142
* 5
fe=(38)
-69 10
+3 8
+21 2
+7 4
-3 4
-4 2
+1 4
+6 2
cfi=(39) /build/glibc-B7ONIp/glibc-2.31/setjmp/../sysdeps/arm/setjmp.S
cfn=(128) __sigsetjmp
calls=2 27 
* 46
* 4
+2 4
cfi=(51)
cfn=(166) openaux
calls=1 61 
* 7383
cfi=(2)
cfn=(132) map_doit
calls=1 606 
* 2788
+21 1
+1 2
-2 1
+2 1
-1 1
+1 2
+2 2

fn=(127)
175 10
+3 8
+21 2
+7 4
-3 4
-4 2
+1 4
+6 2
cfi=(39)
cfn=(128)
calls=2 27 
* 46
* 4
+2 4
cfi=(51)
cfn=(166)
calls=2 61 
* 479
+2 2
-1 2
+1 2
-1 2
+1 2
-1 4
+10 6

fn=(188) _dl_receive_error
fi=(2)
1877 4
+1 3
+1 1
cfn=(196) init_tls
calls=1 699 
* 89810
fe=(38)
238 2
+1 1
+7 1
-3 1
-4 2
+4 1
+3 1
cfi=(2)
cfn=(190) version_check_doit
calls=1 641 
* 2735

fl=(40) /build/glibc-B7ONIp/glibc-2.31/elf/dl-misc.c
fn=(174) _dl_sysdep_read_whole_file
44 3
+3 1
-3 1
+3 1
cfi=(41) /build/glibc-B7ONIp/glibc-2.31/io/../sysdeps/unix/sysv/linux/open64_nocancel.c
cfn=(140) __open64_nocancel
calls=1 -13 
* 25
+1 1
-3 2
+3 1
+2 4
cfi=(44) /build/glibc-B7ONIp/glibc-2.31/io/../sysdeps/unix/sysv/linux/fxstat64.c
cfn=(148) __fxstat64
calls=1 -13 
* 56
fi=(53) /build/glibc-B7ONIp/glibc-2.31/elf/dl-cache.c
270 6
+15 3
-6 1
+6 1
cfi=(9) /build/glibc-B7ONIp/glibc-2.31/elf/dl-tunables.c
cfn=(80) __tunable_get_val
calls=1 +83 
* 29
+8 1
-8 1
+8 1
+15 1
-23 1
+8 2
+15 2
-15 1
-8 1
+23 1
-15 1
-8 1
+23 110
cfn=(178) _dl_cache_libcmp
calls=7 141 
* 574
* 26
cfn=(178)
calls=1 141 
* 80
* 3
-99 1
-8 1
+8 4
+1 4
cfi=(17) /build/glibc-B7ONIp/glibc-2.31/string/memcmp.c
cfn=(36) bcmp
calls=1 +99 
* 56
* 2
+3 1
fi=(54) /build/glibc-B7ONIp/glibc-2.31/elf/../sysdeps/generic/dl-cache.h
-60 5
fi=(53)
339 2
-31 2
-14 4
+14 2
-14 4
+14 2
-15 3
+15 4
-15 2
+15 40
+16 4
+1 1
-1 1
+4 2
+8 3
cfi=(14)
cfn=(28)
calls=1 54 
* 57
+1 1
-1 1
+1 1
-1 3
+1 2
cfi=(21) /build/glibc-B7ONIp/glibc-2.31/string/../sysdeps/arm/armv7/multiarch/memcpy_impl.S
cfn=(50) memcpy
calls=1 -68 
* 30
+1 1
cfi=(33) /build/glibc-B7ONIp/glibc-2.31/string/strdup.c
cfn=(96) strdup
calls=1 40 
* 133
+1 3
218 3
+1 2
fe=(40)

fn=(136) _dl_name_match_p
282 40
+1 20
-1 20
+1 20
cfi=(23) /build/glibc-B7ONIp/glibc-2.31/string/../sysdeps/arm/armv7/strcmp.S
cfn=(60) strcmp
calls=20 158 
* 187
* 20
+3 20
+2 20
+4 21
-4 21
+1 18
cfi=(23)
cfn=(60)
calls=6 158 
* 422
* 60
cfi=(23)
cfn=(60)
calls=20 158 
* 323
* 52
-5 5
+11 5
-1 15
+1 15

fl=(44)
fn=(148)
fi=(28)
944 8
+10 10
+7 8
+33 2
877 6
994 2
+3 18
cfi=(18) /build/glibc-B7ONIp/glibc-2.31/elf/dl-object.c
cfn=(39) _dl_new_object'2
calls=2 59 
* 3076
fi=(43) /build/glibc-B7ONIp/glibc-2.31/elf/../sysdeps/posix/dl-fileid.h
37 4
fi=(28)
901 6
fi=(43)
41 2
fi=(28)
901 4
fi=(43)
40 2
+1 2
-1 2
fi=(28)
901 14
+1 15
fi=(43)
49 30
fi=(28)
920 6
fi=(40)
50 2
+2 2
+3 1
+13 2
cfi=(49) /build/glibc-B7ONIp/glibc-2.31/io/../sysdeps/unix/sysv/linux/close_nocancel.c
cfn=(160) __GI___close_nocancel
calls=1 -42 
* 13
-11 6
cfi=(45) /build/glibc-B7ONIp/glibc-2.31/misc/../sysdeps/unix/sysv/linux/mmap.c
cfn=(150) mmap
calls=1 -22 
* 16
* 2
fe=(44)
-20 9
-3 3
+3 3
cfi=(13) /build/glibc-B7ONIp/glibc-2.31/elf/../sysdeps/unix/sysv/linux/arm/libc-do-syscall.S
cfn=(26) __libc_do_syscall
calls=3 +3 
* 12
* 6
+9 3

fl=(20) /build/glibc-B7ONIp/glibc-2.31/elf/dl-minimal.c
fn=(88) strsep
262 2
+3 4
+2 2
+1 2
+4 45
+7 56
-2 56
+13 1
+4 4
cfi=(28)
cfn=(87) fillin_rpath'2
calls=1 451 
* 8
-22 44

fn=(130) __sigjmp_save
140 4
-1 4
+1 4
+2 8

fn=(48) malloc
50 22
-1 22
+1 22
-1 44
+1 87
+11 42
+1 21
+2 21
-3 21
+3 21
-3 21
+3 21
-3 2
+1 1
+2 1
-3 1
+3 1
-3 1
+3 64
+5 6
+1 8
+2 1
+1 7
cfi=(45)
cfn=(150)
calls=1 -38 
* 16
+2 2
+2 4
+2 8
+3 1
+3 1
-3 1
+1 1
+2 2
-3 21
+3 21
-3 21
+1 21
+2 42
-29 1
-1 1
+1 1
-1 1
+1 2
+1 1
-1 1
+1 1
-2 2

fn=(42) calloc
99 8
+1 8
-8 8
+8 32
-4 8
+4 24
+3 8
+1 8
-1 8
cfn=(48)
calls=8 -53 
* 267
* 32

fn=(102) free
109 3
+2 15
+7 3

fl=(31) /build/glibc-B7ONIp/glibc-2.31/string/mempcpy.c
fn=(84) mempcpy
34 76
+1 38
cfi=(21)
cfn=(51) memcpy'2
calls=2 269 
* 83
cfi=(21)
cfn=(50)
calls=36 269 
* 648
+1 76
cfi=(18)
cfn=(39)
calls=2 247 
* 178
cfi=(28)
cfn=(87)
calls=1 520 
* 127
cfi=(29) /build/glibc-B7ONIp/glibc-2.31/elf/dl-hwcaps.c
cfn=(79) _dl_important_hwcaps'2
calls=1 282 
* 1049

fn=(85) mempcpy'2
34 22
+1 11
cfi=(21)
cfn=(50)
calls=11 269 
* 158
+1 22

fl=(56)
fn=(184)
30 2
+4 1
-4 1
+4 1
-3 1
+3 3
+1 4
+10 2
+1 2
-1 1
+18 1
cfi=(51)
cfn=(165) _dl_map_object_deps'2
calls=1 217 
* 1472

fn=(185) __libc_scratch_buffer_set_array_size'2
30 2
+4 1
-4 1
+4 1
-3 1
+3 3
+1 4
+10 2
+1 2
-1 1
+18 1

fl=(113)
fn=(502) _dl_fini
30 1
+20 1
-20 1
+20 1
-20 1
+20 1
-20 1
+20 2
+3 1
fi=(22) /build/glibc-B7ONIp/glibc-2.31/elf/../sysdeps/generic/ldsodefs.h
1208 1
fe=(113)
53 1
fi=(22)
1208 1
fe=(113)
53 2
fi=(22)
1208 2
fe=(113)
47 5
+16 5
-10 4
cfi=(2)
cfn=(56) rtld_lock_default_lock_recursive
calls=1 802 
* 4
+2 1
+3 2
+2 6
+8 1
-3 1
+3 1
+5 1
-5 1
-3 1
+3 3
+5 1
+2 12
+2 8
+8 4
-6 4
+6 4
-5 4
+5 4
-4 4
-8 12
+14 10
+1 4
+6 4
cfi=(57) /build/glibc-B7ONIp/glibc-2.31/elf/dl-sort-maps.c
cfn=(186) _dl_sort_maps
calls=1 -66 
* 255
+10 5
cfi=(2)
cfn=(58) rtld_lock_default_unlock_recursive
calls=1 808 
* 4
+5 7
+2 1
+2 3
+6 1
-3 2
+3 2
+4 5
+12 1
-1 2
+1 1
-1 1
+1 1
+2 3
+1 2
cob=(5)
cfi=(69)
cfn=(504)
calls=1 0 
* 1152
+36 7
+6 5
+7 4
-93 3

fl=(47) /build/glibc-B7ONIp/glibc-2.31/misc/../sysdeps/unix/syscall-template.S
fn=(238) munmap
78 5
+1 2

fn=(154) mprotect
78 30
+1 12

fl=(23)
fn=(60)
152 39
+1 39
+5 180
+1 180
+1 180
+1 180
+1 180
+1 180
+2 141
+4 141
+1 141
+3 141
+1 141
+1 141
+3 141
+1 141
+1 141
+4 67
+1 67
+1 67
+1 67
+1 67
+1 67
+1 67
+1 67
+1 67
+1 67
+1 67
+1 67
+1 62
+1 62
+1 62
+1 62
+1 62
+7 59
+1 59
+2 59
+1 59
+1 59
+1 59
-3 67
+1 67
+1 67
+1 67
+1 67
+1 67
+1 67
+1 67
+2 65
+1 65
+1 65
+1 65
+1 65
+1 65
+1 65
+1 65
+2 65
+1 65
+3 6
+3 88
+4 649
+4 74
+1 74
+1 4
+1 4
+5 4
+1 4
+2 4
+1 4
+1 4
+1 4
+1 2
+1 2
+1 2
+1 2
+1 2
+1 2
+1 2
-10 2
+1 2
+1 2
+1 2
+1 2
+1 2
+1 2
+1 2
+1 2
+1 2
+1 2
+3 40
+6 2
+1 2
+1 2
+1 2
+1 2
+2 2
+1 2
+1 2
+1 2
+3 70
+1 70
+1 61
+1 61
+1 61
+1 61
+1 61
+1 48
+26 23
+1 23
+1 23
+1 23
+1 19
+3 19
+1 19
+1 19
+1 19
-3 13
+1 13
+1 13
+1 13
+1 32
+4 4
+1 4
+7 4
+4 57
+6 57
+1 57
+2 57
+1 57
+1 57
-5 9
+1 9
+2 9
+1 9
+1 9
+1 50
+4 73
+1 73
+1 73
+1 73
+1 73
+1 66
+1 49
+1 49
+1 49
+1 49
+1 49
+1 49
+2 7
+1 7
+3 17
+1 17
+4 3
+1 3
+8 3
+1 3
+10 90
+1 90
+1 90
+1 90
+1 90
+1 77
+1 64
+1 64
+1 64
+1 64
+1 64
+1 64
+2 13
+1 13
+2 13
+1 13
+2 7
+1 7
+4 7
+9 50
+1 50
+1 50
+1 50
+1 50
+1 50
+1 34
+1 34
+1 34
+1 34
+1 34
+1 34
+5 16
+1 16
+1 12
+2 12
+1 12
+1 12
+3 24
+1 24
+8 24
+5 39
+1 39
+3 39
+1 39
+1 39
+1 39
+1 39
+1 39
+1 39
+1 39
+7 39
+1 39

fl=(29)
fn=(78) _dl_important_hwcaps
fi=(28)
694 1
+5 1
-5 1
+5 1
cfi=(14)
cfn=(28)
calls=1 54 
* 1028
cfi=(20)
cfn=(48)
calls=2 50 
* 52
* 402
fe=(29)
42 5
+1 2
-1 2
+1 1
-1 1
+1 2
-1 3
+1 1
cfi=(9)
cfn=(80)
calls=1 368 
* 29
+2 1
+1 1
-3 1
+2 1
-2 1
+3 2
-1 2
-2 1
+2 5
-2 1
+2 1
+10 6
+1 2
-1 2
+1 11
-1 3
+1 1
-1 3
+2 1
-1 1
-1 9
+1 132
-1 36
+1 12
-1 36
+2 12
-1 12
-1 109
+10 6
185 15
+1 208
fi=(30) /build/glibc-B7ONIp/glibc-2.31/elf/../sysdeps/unix/sysv/linux/arm/dl-procinfo.h
42 2
fe=(29)
190 14
-2 2
+1 4
cfi=(14)
cfn=(28)
calls=2 54 
* 67
+1 2
-1 2
+1 8
-5 2
+5 8
-1 2
+1 4
-5 2
+5 2
-5 4
+5 2
-5 2
+6 1
-1 3
+1 4
-6 24
+8 2
+2 1
+1 2
+1 2
+3 1
+4 1
-3 1
-1 2
+4 1
+3 4
+4 3
+1 1
-1 6
+1 1
+18 1
+1 2
-1 2
+1 1
-1 2
+1 1
cfi=(31)
cfn=(84)
calls=1 34 
* 1068
cfi=(20)
cfn=(48)
calls=1 50 
* 26
* 29
-17 1
+1 2
+1 2
-1 1
+1 2
-1 1
+1 2
-1 1
+1 2
-1 1
+2 2
+1 2
+1 1
+1 1
-1 2
+5 3
-76 2
+1 1
-1 4

fn=(79)
279 3
-3 3
+3 3
+5 3
-5 3
cfi=(31)
cfn=(85)
calls=3 34 
* 57
+3 4
-3 4
+3 12
+1 24
+1 12
cfi=(31)
cfn=(85)
calls=4 34 
* 80
-2 4
+2 4
-2 4
+5 12
cfi=(31)
cfn=(85)
calls=4 34 
* 76
* 4
+2 8
+5 4
-12 1
+13 4
-1 3
+1 15
-1 45
+10 3
-5 3
+3 3
+1 4
-4 6
+3 9
+1 124
+1 32
-1 32
+1 32
-1 32
+1 128
-1 32
-1 64
+4 10
+3 1
+2 2
-2 1
+2 2
-1 1
+1 1
-2 1
+1 1
+1 2
+2 2
+1 3
+2 2
-2 1
-3 3
+2 10
+1 15
+2 10
-2 5
-3 17
+13 9
+3 3
-3 21
+3 21
+3 4
+3 5

fl=(37) /build/glibc-B7ONIp/glibc-2.31/string/../sysdeps/arm/memset.S
fn=(114) memset
29 22
+1 22
+1 22
+3 15
+1 15
+1 15
+1 15
+2 15
+1 15
+1 15
+1 15
+3 15
+1 15
+1 15
+1 15
+1 15
+1 15
+1 15
+1 15
+1 15
-8 73
+1 73
+1 61
+1 61
+1 58
+1 58
+1 58
+1 58
+1 58
-6 12
+1 12
+1 15
+1 15
+1 15
+1 15
+1 15
+2 15
+2 15
+1 15
+1 15
+1 15
+1 15
+1 15
+1 15
+1 15
+1 15
-8 14
+1 14
+1 14
+1 14
+1 14
+1 14
+1 14
+1 14
+1 14
+2 22

fl=(13)
fn=(26)
40 53
+5 53
+1 53
+1 53

fl=(34) /build/glibc-B7ONIp/glibc-2.31/elf/dl-debug.c
fn=(104) _dl_debug_initialize
46 16
+3 4
+5 3
+5 4
-1 1
+2 2
-1 2
+5 8
-14 8
+4 12
+3 2
+1 2

fn=(108) _dl_debug_state
74 2

fl=(1) ???
fn=(0) 0x00000a80
0 4
cfi=(2)
cfn=(2) _dl_start
calls=1 463 
0 28853731

fn=(200) __udivsi3
0 12521
cfi=(35) /build/glibc-B7ONIp/glibc-2.31/elf/dl-tls.c
cfn=(203) _dl_allocate_tls_storage'2
calls=1 374 
0 448

fn=(218) __aeabi_uidivmod
0 392
cfn=(200)
calls=98 0 
0 12497
0 392

fl=(41)
fn=(140)
34 95
+3 114
+8 76
cfi=(13)
cfn=(26)
calls=19 -5 
* 76
* 38
+2 12
-2 80
+2 64

fl=(45)
fn=(150)
35 14
+3 14
+4 28
cfi=(13)
cfn=(26)
calls=7 -2 
* 28
* 21
+6 7

fl=(32) /build/glibc-B7ONIp/glibc-2.31/string/../sysdeps/arm/armv6/strchr.S
fn=(94) index
28 7
+1 7
+8 7
+1 7
+1 7
+1 7
+1 7
+1 7
+3 73
+1 73
+1 73
+1 73
+1 73
+1 73
+1 73
+3 6
+1 6
+1 6
+1 6
+1 3
+3 3
+7 3
+1 3
+2 3
+1 3
+1 3
+5 3
+7 3
+1 3
+1 3
+1 3
+1 3
+1 3
+1 3
+1 3
+1 3
+1 3
+1 3
+1 3
+1 3
-12 6
+1 6
+1 6
+1 6
+1 6
+1 6
+1 6
+1 6
+1 6
+1 6
+1 6
+1 6
+1 6
+6 3
+1 3
+1 3
+1 3
+1 3
+1 3
+5 3
+6 3
+1 3
+1 3
+1 3
+1 3
+1 3
+2 3
+9 3
+1 3
+1 3
+1 3
-3 4
+1 4
+1 4
+1 4

fl=(7) /build/glibc-B7ONIp/glibc-2.31/elf/dl-lookup.c
fn=(216) do_lookup_x
368 1070
+1 107
-1 214
+26 107
+22 214
-22 107
540 107
416 107
+81 428
+43 107
-43 535
+43 107
-43 214
-97 688
+8 344
-4 344
+8 344
-7 344
+3 688
+1 1032
+4 688
+6 344
-2 344
+2 344
+1 688
-3 688
+3 688
-5 344
+5 344
+3 344
-3 344
+3 1720
571 744
379 688
+3 688
+4 1032
+4 1032
+4 1032
+88 288
fi=(22)
126 288
fe=(7)
533 192
+3 720
+16 192
+1 96
+1 96
+21 288
427 196
cfi=(1)
cfn=(218)
calls=98 0 
* 13281
-1 196
+2 196
+2 98
+6 98
-6 196
+6 98
-6 98
+6 98
-6 98
+6 98
-6 882
+13 387
-10 772
+2 96
+1 192
-1 96
+1 192
-1 96
+1 864
cfn=(220) check_match
calls=96 75 
* 13507
+4 192
574 11
+1 33
-35 48
-66 6
325 10
-31 576

fn=(12) _dl_setup_hash
961 4
+3 8
+2 4
+2 8
+1 4
+3 12
+1 4
+1 8
+7 4
-4 4
-1 4
+5 8
-7 4
+25 4

fn=(214) _dl_lookup_symbol_x
841 214
582 107
841 642
582 321
-1 107
+2 214
-1 321
+1 2780
-1 4170
847 107
-4 214
+1 107
+3 107
-3 214
+3 321
+4 496
+3 535
+6 214
-7 1177
+7 66
+1 1284
cfn=(216)
calls=107 368 
* 54175
* 897
+5 321
+24 672
+40 384
+14 288
+3 576
+5 192
+2 387
-86 55
+17 22
+1 11
+59 3

fn=(220)
75 768
+3 384
+13 96
-13 480
+13 480
+3 347
cfi=(23)
cfn=(60)
calls=31 +64 
* 2387
* 62
+4 96
+1 96
+2 188
+19 94
+1 94
-1 94
+1 658
+39 96
+7 96
-18 4
+2 2
+1 2
-1 2
+1 6
-1 6
-29 282
cfi=(23)
cfn=(60)
calls=94 +36 
* 6499
* 188

fl=(36) /build/glibc-B7ONIp/glibc-2.31/string/strcspn.c
fn=(112) strcspn
32 2
+1 1
-1 1
+1 2
+1 4
+5 4
cfi=(37)
cfn=(114)
calls=1 -10 
* 49
+1 2
-1 1
+1 2
cfi=(37)
cfn=(114)
calls=1 -11 
* 49
+1 4
cfi=(37)
cfn=(114)
calls=1 -12 
* 49
+1 4
cfi=(37)
cfn=(114)
calls=1 -13 
* 49
+2 1
+3 6
+1 4
-1 1
+1 2
+3 4
+1 4
+1 4
+1 4
+2 1
+6 1
+2 1
+1 1
-2 1
-1 1
+2 1
+3 6
-5 16
+2 16
+1 16
-2 16
-1 16
+2 16
+3 96
+2 1
+1 3
+1 2

fl=(9)
fn=(80)
368 14
+3 112
+14 54
+12 99
+2 18
-2 55
+2 10
-24 12
+1 2
+4 18
+1 3

fn=(18) __GI___tunables_init
278 1
+9 1
-9 1
+9 2
-9 3
+50 3
222 3
-7 3
67 98
+6 13
-3 13
+3 735
+4 26
+5 78
-9 13
fi=(10) /build/glibc-B7ONIp/glibc-2.31/elf/dl-tunables.h
+46 66
+1 184
fe=(9)
328 78
-12 52
* 988
fi=(10)
119 744
+1 35
-1 351
+1 585
fe=(9)
310 1053
+52 2

fl=(42) /build/glibc-B7ONIp/glibc-2.31/io/../sysdeps/unix/sysv/linux/read_nocancel.c
fn=(142) __read_nocancel
fi=(28)
1557 6
+2 4
+2 6
+6 4
+16 12
cfi=(17)
cfn=(36)
calls=2 309 
* 136
* 36
cfi=(17)
cfn=(36)
calls=2 309 
* 124
* 6
+74 6
+5 6
+2 10
+6 6
+6 2
+1 2
-1 2
+1 6
+1 4
+20 6
+31 2
1543 4
1698 2
+31 6
-31 48
+1 45
+1 8
+4 8
+1 6
-1 2
+28 2
+3 2
-3 18
-1 2
+4 4
+5 1
+1 1
-12 4
cfi=(17)
cfn=(36)
calls=1 309 
* 51
* 8
cfi=(17)
cfn=(36)
calls=2 309 
* 88
* 6
+15 2
+6 2
+11 4
cfi=(20)
cfn=(102)
calls=2 109 
* 14
* 16
-14 1
+4 1
-3 1
+3 1
-3 1
+1 1
+2 1
-4 1
+4 4
1613 2
-30 5
cfi=(17)
cfn=(36)
calls=1 309 
* 69
* 2
fe=(42)
26 2
-1 2
+1 2
cfi=(13)
cfn=(26)
calls=2 +14 
* 8
* 4
+1 2

fl=(35)
fn=(106) _dl_count_modids
113 4
+1 1
+15 1

fn=(230) _dl_add_to_slotinfo
896 1
-9 1
+9 1
-3 1
-6 1
+9 1
-9 2
+14 3
+41 1
+3 3
-1 1
+1 3
+2 1

fn=(202) _dl_allocate_tls_storage
fi=(2)
749 2
+6 1
+3 1
-3 1
+3 1
-3 2
+3 1
cfi=(13)
cfn=(26)
calls=1 40 
* 4
* 2
+3 2
+3 1
-3 2
+3 1
fe=(35)
332 1
+13 3
+1 4
cfi=(1)
cfn=(200)
calls=1 0 
* 460
cfi=(20)
cfn=(48)
calls=1 50 
* 26
* 9

fn=(203)
374 2
-7 1
+7 2
cfi=(37)
cfn=(114)
calls=1 29 
* 373
+5 1
+2 1
-2 1
+2 1
cfn=(204) allocate_dtv
calls=1 278 
* 66

fn=(204)
278 1
+8 1
-1 1
-7 1
+7 2
+1 2
cfi=(20)
cfn=(42)
calls=1 99 
* 44
* 10
+96 2
+3 2

fn=(198) _dl_determine_tlsoffset
141 1
-6 1
+6 1
-6 1
+6 3
+3 3
+83 3
+2 1
-91 1
-1 1
+88 1
+4 1
-93 2
+93 3
+3 1
+4 1
-2 1
+2 1
-4 1
+2 1
-3 1
+3 2
-3 1
+5 1
-5 1
+5 1
-2 1
+2 1
+14 4
cfi=(1)
cfn=(200)
calls=1 0 
* 12
* 2
+1 2
+1 2
+2 2
+1 1
+3 3
+3 1
-3 2
-31 7
+37 2
+1 1
+7 1
-8 1
+8 1
+1 2
cfi=(2)
cfn=(197) init_tls'2
calls=1 748 
* 525

fn=(232) _dl_allocate_tls_init
437 2
+1 3
+10 1
-6 1
+6 5
+12 1
-15 1
+36 1
-37 1
+16 1
+21 1
-21 2
+5 7
+20 2
-11 1
+1 2
+6 4
+1 1
+2 2
-2 2
+6 2
-4 2
+4 2
-4 1
+3 1
-3 1
+1 2
+2 1
+4 2
+1 3
+5 2
+10 1
-10 1
+7 1
+3 1
cfi=(31)
cfn=(84)
calls=1 34 
* 23
* 4
cfi=(37)
cfn=(114)
calls=1 29 
* 58
* 3
-42 4
+6 7
+50 1
+3 3

fn=(180) _dl_next_tls_modid
51 1
-3 2
+3 4
+48 3
+4 1

fl=(11) /build/glibc-B7ONIp/glibc-2.31/elf/../sysdeps/unix/sysv/linux/dl-sysdep.c
fn=(72) _dl_discover_osversion
48 1
-2 1
+2 1
-2 1
+2 3
+85 2
-45 2
cfi=(27) /build/glibc-B7ONIp/glibc-2.31/posix/../sysdeps/unix/syscall-template.S
cfn=(74) uname
calls=1 -10 
* 7
+15 1
-15 1
+20 1
+8 1
-9 1
+3 15
+4 3
-2 3
+2 14
+3 2
-3 8
+10 3
-4 3
+2 3
+2 10
+5 2

fl=(2)
fn=(56)
802 15
+1 5

fn=(58)
808 15
+1 5
cob=(3)
cfi=(81) /build/glibc-B7ONIp/glibc-2.31/elf/dl-addr.c
cfn=(327) _dl_addr'2
calls=1 144 
* 3

fn=(110) handle_preload_list
858 2
+5 1
-5 1
+5 1
+3 1
-7 3
+7 3
+7 1
-6 2
-1 3
cfi=(36)
cfn=(112)
calls=1 32 
* 464
+1 1
-1 1
+1 1
+6 2
-6 1
+9 1
+1 2
cfn=(116) dso_name_valid_for_suid
calls=1 168 
* 11
* 3
+3 1
+1 4
cfn=(118) do_preload
calls=1 768 
* 2896
-12 4
cfi=(21)
cfn=(50)
calls=1 269 
* 69
+1 3
1694 5
+15 5
cfi=(50) /build/glibc-B7ONIp/glibc-2.31/io/../sysdeps/unix/sysv/linux/access.c
cfn=(162) access
calls=1 27 
* 102630
-19 2

fn=(132)
606 2
+3 1
-3 1
+3 1
-1 1
+1 7
cfi=(28)
cfn=(134) _dl_map_object
calls=1 1927 
* 2765
fi=(38)
210 1
-1 1
+1 1
-1 1
+1 1
-1 2
+10 3
fe=(2)

fn=(196)
699 1
+2 3
+4 1
-4 1
+4 2
+11 1
-1 3
cfi=(35)
cfn=(198)
calls=1 141 
* 609
cfi=(20)
cfn=(42)
calls=1 99 
* 44
* 45
1881 2
817 1
+18 1
-14 1
-4 1
+4 1
-4 1
+4 1
+9 1
fi=(117) /build/glibc-B7ONIp/glibc-2.31/elf/../sysdeps/unix/sysv/linux/dl-osinfo.h
64 1
fe=(2)
830 2
fi=(117)
64 1
fe=(2)
835 1
-14 1
+9 1
1886 3
2116 3
2283 6
+2 5
+7 3
cfi=(35)
cfn=(232)
calls=1 437 
* 167
+3 5
2172 1
+13 1
-9 1
-4 1
+4 2
+6 1
-10 1
+4 1
+6 1
-6 1
+9 1
+54 1
+7 1
-7 1
+8 1
-8 1
+3 1
-3 3
+3 2
+5 2
+17 1
+1 1
+4 1
-5 1
+1 1
-1 1
+5 2
-22 8
+2 4
+9 4
-9 4
+5 8
+2 4
+6 3
+2 3
-2 6
+2 3
-2 1
+2 1
-2 2
+2 1
+1 24
cfi=(59) /build/glibc-B7ONIp/glibc-2.31/elf/dl-reloc.c
cfn=(206) _dl_relocate_object
calls=3 148 
* 78281
+4 15
+1 3
cfi=(35)
cfn=(230)
calls=1 896 
* 20
* 1
-12 1
+1 1
-3 2
+22 5
1822 5
2304 8
+2 4
+24 1
cfi=(8) /build/glibc-B7ONIp/glibc-2.31/elf/../elf/dl-sysdep.c
cfn=(234) _dl_sysdep_start_cleanup
calls=1 259 
* 1
+4 5
+21 3
cfi=(34)
cfn=(104)
calls=1 46 
* 13
+1 2
-1 1
+2 1
cfi=(34)
cfn=(108)
calls=1 74 
* 1
+1 1
+4 1
cfi=(53)
cfn=(236) _dl_unload_cache
calls=1 348 
* 19
+5 4
-48 1
+1 3
-1 2
+1 2
cfi=(59)
cfn=(206)
calls=1 148 
* 10372
* 1
1879 2

fn=(197)
748 1
cfi=(35)
cfn=(202)
calls=1 332 
* 524

fn=(32) dl_main
1090 2
2533 1
+7 1
-7 1
1102 1
-12 1
2540 1
1090 1
2533 1
1102 1
2540 1
-7 1
1090 3
+12 1
+4 1
+1 1
-5 1
+10 1
-6 1
-16 1
+17 1
+5 1
-10 1
-12 1
+16 1
+1 1
+5 1
-22 1
2533 1
+7 5
2685 1
2536 1
+4 1
2685 1
-8 1
2540 1
-5 1
2685 1
-11 1
+3 1
2540 1
2674 2
2542 2
cfi=(16) /build/glibc-B7ONIp/glibc-2.31/elf/dl-environ.c
cfn=(34) _dl_next_ld_env_entry
calls=1 29 
* 27
* 4
cfi=(16)
cfn=(34)
calls=2 29 
* 71
* 9
+4 16
+1 19
-1 95
+3 4
+6 14
2704 6
+32 7
1122 6
2631 1
+1 1
-1 4
+1 4
cfi=(17)
cfn=(36)
calls=1 309 
* 97
* 2
+2 4
+1 1
-59 5
cfi=(17)
cfn=(36)
calls=1 309 
* 18
* 2
+7 5
cfi=(17)
cfn=(36)
calls=1 309 
* 62
* 2
+2 4
+1 1
1330 10
cfi=(18)
cfn=(38) _dl_new_object
calls=1 59 
* 110936
fi=(8)
253 1
+1 2
fe=(2)

fn=(2)
0 13
fi=(1)
cfi=(62) /build/glibc-B7ONIp/glibc-2.31/elf/dl-init.c
cfn=(244) _dl_init
calls=1 79 
0 399
0 3
fi=(1)
cob=(5)
cfi=(69)
cfn=(272)
calls=1 0 
0 28735143
463 3
fi=(6) /build/glibc-B7ONIp/glibc-2.31/elf/../sysdeps/arm/dl-machine.h
59 1
fe=(2)
463 1
fi=(6)
48 1
fe=(2)
463 1
fi=(6)
48 1
fe=(2)
463 1
fi=(6)
59 1
fe=(2)
507 1
fi=(6)
76 1
fe=(2)
504 1
fi=(6)
60 1
+17 1
fe=(2)
504 1
fi=(6)
79 1
fe=(2)
507 1
fi=(3) /build/glibc-B7ONIp/glibc-2.31/elf/get-dynamic-info.h
48 1
fe=(2)
507 1
-3 1
fi=(3)
48 1
+25 1
-5 1
+2 1
-2 1
-1 1
+6 1
-9 1
+6 1
-3 1
+6 1
-9 1
+6 1
-3 1
-3 2
-13 52
-3 26
+2 26
-2 2
+2 10
+13 20
+1 12
-16 12
+33 2
+20 7
+1 7
+1 7
+1 7
+5 7
+2 7
+1 7
+1 7
+5 4
+3 3
+13 4
+1 4
+4 4
+3 4
+4 5
+1 3
fe=(2)
518 2
+7 1
-93 1
+93 1
-92 1
-3 1
+2 1
+93 1
-92 1
-3 1
+95 2
-95 1
cfi=(7)
cfn=(12)
calls=1 961 
* 20
+13 1
+6 1
-6 1
-9 1
+15 2
-15 1
+9 1
-9 1
-3 1
+1 1
+1 1
+16 1
cfi=(8)
cfn=(14) _dl_sysdep_start
calls=1 114 
* 117052
fi=(3)
65 2
+1 2
+1 1
-2 1
+3 3
fe=(2)
523 27
fi=(4) /build/glibc-B7ONIp/glibc-2.31/elf/do-rel.h
84 1
+27 1
-27 2
-1 2
+28 7
+1 1
fi=(6)
637 1
fi=(4)
111 1
fi=(6)
637 3
fi=(4)
111 1
+1 44
fi=(6)
637 44
fi=(4)
111 44
fi=(6)
637 132
fi=(4)
111 44
+5 5
+8 2
fi=(5) /build/glibc-B7ONIp/glibc-2.31/elf/../sysdeps/arm/dl-irel.h
-91 2
fi=(6)
395 2
fi=(5)
33 2
fi=(6)
395 1
-69 3
fi=(4)
139 2
-3 1
fi=(6)
367 1
+28 4
fi=(4)
139 22
-3 11
fi=(6)
367 11
+28 140
+3 12
-3 12
+3 12
+5 48
fi=(3)
71 4
+1 4
+1 2
fi=(6)
427 60
fi=(4)
124 37
fi=(6)
431 24
fe=(2)

fn=(116)
168 1
-1 1
+1 1
-1 1
+1 2
+8 4
+1 1

fn=(190)
641 2
-2 1
+2 2
-2 1
+2 2
cfi=(58) /build/glibc-B7ONIp/glibc-2.31/elf/dl-version.c
cfn=(192) _dl_check_all_versions
calls=1 362 
* 2725
fi=(38)
249 1
+1 1
fe=(2)

fn=(118)
768 2
+10 1
-10 1
+12 1
-12 1
+10 1
+2 3
-12 1
+12 3
-4 1
-2 1
+4 1
-10 1
+8 1
-6 2
+10 1
cfi=(38)
cfn=(122)
calls=1 225 
* 2863
* 3
+83 2
+18 2
+3 4

fl=(51)
fn=(166)
61 6
+3 3
-3 3
+3 3
+1 3
-1 27
cfi=(28)
cfn=(134)
calls=3 1927 
* 7801
* 2
+5 4
fi=(38)
210 1
-1 1
+1 1
-1 1
+1 1
-1 2
+10 3
fe=(51)

fn=(164) _dl_map_object_deps
fi=(2)
1810 3
+1 3
-1 1
+1 3
-1 1
+1 3
-1 3
+1 9
-1 3
+4 5
+1 2
+1 1
+2 2
+1 1
-1 1
+1 5
-1 6
+1 9
+12 4
+1 1
-1 1
+1 2
+2 2
+2 1
+2 1
-2 2
-2 1
+4 1
-2 3
+2 1
-4 1
+5 1
-1 1
+14 2
+1 4
+1 3
+11 2
+2 2
-2 1
+2 1
-2 1
+2 1
-2 1
+1 1
-1 1
+2 1
cfi=(38)
cfn=(188)
calls=1 238 
* 92562
-38 3
fe=(51)
159 1
+1 1
-1 1
+1 1
-8 1
-8 1
+15 2
+1 2
-8 1
+8 1
-8 2
+8 1
-1 1
-13 1
+6 1
-6 1
+6 1
-8 1
+32 4
+1 1
-33 1
+32 1
-31 1
+7 4
+24 9
+68 1
-64 1
+18 1
fi=(55) /build/glibc-B7ONIp/glibc-2.31/elf/../include/scratch_buffer.h
77 1
fe=(51)
244 1
+43 1
-43 1
-44 1
-20 1
+18 1
+89 1
fi=(55)
77 1
fe=(51)
287 1
fi=(55)
77 1
fe=(51)
180 1
+18 1
+89 1
-87 1
fi=(55)
78 1
fe=(51)
198 1
fi=(55)
78 1
-1 3
fe=(51)
213 1
-4 1
+4 2
-4 2
+4 2
+11 3
+2 1
+5 1
+6 1
-4 1
-7 1
+6 1
-6 2
+11 1
-6 1
+3 1
-1 1
+1 1
+3 2
+56 1
-87 1
+87 2
-11 3
-45 3
+11 3
-2 1
+2 3
cfi=(38)
cfn=(126)
calls=1 -73 
* 9693
* 3
-10 2
+6 5
cfi=(28)
cfn=(92)
calls=1 -13 
* 86
* 5
-30 1
-1 1
+1 8

fn=(165)
213 2
-4 2
+4 4
-4 4
+4 4
+11 17
-18 2
433 4
+5 1
-3 1
+3 1
-3 1
+3 1
cfi=(21)
cfn=(50)
calls=1 269 
* 1411
cfi=(20)
cfn=(48)
calls=1 50 
* 26
* 13
+9 8
cfi=(21)
cfn=(51)
calls=2 269 
* 34
+2 2
+2 2
-1 2
+1 4
+4 12
202 6
+24 1
+5 1
+6 1
-4 1
-7 1
+6 1
-6 2
+11 1
-6 1
+3 1
-1 1
+1 1
+3 2
+56 1
-87 1
+87 2
-11 3
-45 3
+11 3
-2 1
+2 3
cfi=(21)
cfn=(51)
calls=1 +21 
* 522
cfi=(20)
cfn=(48)
calls=1 50 
* 26
cfi=(38)
cfn=(127)
calls=1 -73 
* 299
* 253
-10 2
+6 5
cfi=(28)
cfn=(92)
calls=1 -13 
* 156
* 5
fi=(55)
85 5
fe=(51)
464 12
+4 4
+11 4
cfi=(21)
cfn=(51)
calls=1 269 
* 273
cfi=(20)
cfn=(48)
calls=1 50 
* 26
* 90
608 2
+3 3
+3 4
214 2
-1 2
+1 22
fi=(55)
-83 3
cfi=(56)
cfn=(185)
calls=1 30 
* 19
fe=(51)
+86 6
+4 8
594 5
cfi=(57)
cfn=(186)
calls=1 28 
* 228
+3 2
+1 1
+2 2
-1 1
+1 2
+1 1
465 3
287 6
458 6
-1 3
+1 7
199 2
383 4

fl=(27)
fn=(74)
78 5
+1 2

fl=(17)
fn=(36)
309 12
-7 12
+3 12
-3 12
+4 12
+3 12
+4 12
+43 20
107 2
333 4
+4 2
+2 2
-2 2
+1 2
+5 156
+2 58
+1 58
+1 58
+3 116
+6 4
-27 20
122 24
+56 4
-56 3
+44 3
-2 3
+1 3
+1 4
-2 1
+1 1
+1 1
+6 4
-2 4
+1 4
+1 4
+1 2
-77 6
+5 2
+1 2
+4 6
355 4
150 1
-2 1
+1 1
+11 1
-2 1
+1 1
+1 1
-1 1
-1 2
+27 2
-9 2
+1 2
+4 4
+1 2
+3 2
+5 4

fl=(33)
fn=(96)
40 9
+1 3
cfi=(14)
cfn=(28)
calls=2 +13 
* 145
cfi=(14)
cfn=(29)
calls=1 +13 
* 33
* 3
+1 9
cfi=(20)
cfn=(48)
calls=3 +8 
* 78
* 27
-42 9
fi=(1)
cfi=(21)
cfn=(50)
calls=3 269 
0 103
fe=(33)

fl=(76) /build/glibc-B7ONIp/glibc-2.31/elf/../sysdeps/arm/dl-trampoline.S
fn=(316) _dl_runtime_resolve
40 5
+8 5
+4 5
+1 5
+1 5
+3 5
cfi=(77) /build/glibc-B7ONIp/glibc-2.31/elf/dl-runtime.c
cfn=(318) _dl_fixup
calls=5 +9 
* 4141
+3 5
+4 5
+4 5

fl=(18)
fn=(38)
fi=(2)
1332 3
+3 1
+4 1
-5 1
+1 1
-2 1
+1 1
+1 1
+4 1
cfi=(18)
cfn=(54) _dl_add_to_namespace_list
calls=1 31 
* 40
+1 4
1099 2
1340 1
+29 1
-8 1
+5 1
-2 1
-3 1
+8 1
-3 1
+3 1
-7 1
+4 1
-2 1
+5 1
+56 3
-37 1
+37 1
-15 3
1096 2
1425 1
-37 1
+68 1
-46 2
-40 1
+21 1
+65 1
+5 1
-91 1
+21 1
+65 1
-65 1
-21 1
+55 1
-55 1
+55 1
-34 2
+21 3
+49 1
-73 1
+73 3
-91 67
+95 2
+1 2
-97 16
1478 2
+3 2
+2 3
+2 5
+13 4
+2 1
+1 1
-2 1
+2 2
-2 3
cfi=(23)
cfn=(60)
calls=1 158 
* 8
* 1
+5 1
+2 1
+1 1
-3 1
+2 1
+3 1
-5 1
+3 1
+2 2
+1 2
+4 5
+2 3
fi=(3)
33 1
+9 2
+6 1
-2 1
+2 2
+20 1
+3 1
+1 1
-3 1
-5 1
+4 1
+3 1
+1 1
-3 1
-5 1
-14 54
+13 24
+1 18
-1 6
+2 2
+1 2
+1 1
-2 1
+3 2
+1 2
+1 1
-2 1
+3 3
+1 1
+1 1
-25 3
+25 21
-25 78
+33 3
+20 2
+1 5
+1 5
+1 5
+2 2
+3 5
+2 5
+1 5
+1 5
+5 2
+7 5
+5 2
+4 2
+1 4
+14 2
+5 1
+2 1
+1 2
-3 1
+4 1
+1 2
+1 1
+1 2
+2 2
+2 1
+1 1
-1 1
+2 3
+8 5
+5 1
+1 3
+2 2
fi=(2)
1521 2
cfi=(7)
cfn=(12)
calls=1 961 
* 20
+3 3
fi=(24) /build/glibc-B7ONIp/glibc-2.31/elf/./setup-vdso.h
24 5
fi=(26) /build/glibc-B7ONIp/glibc-2.31/elf/../sysdeps/unix/sysv/linux/dl-vdso-setup.h
+9 3
fi=(2)
1549 1
cfi=(11)
cfn=(72)
calls=1 48 
* 89
* 12
1374 4
-5 3
+10 5
-10 3
+56 4
-1 2
+1 2
+1 2
-2 2
+2 2
+1 4
+3 6
+1 4
+1 4
+1 13
-64 1
+65 3
-65 2
+29 1
-7 1
-2 2
+9 1
-7 1
-2 1
-1 2
+10 2
-29 2
+47 1
-47 2
+92 4
-92 3
fi=(25) /build/glibc-B7ONIp/glibc-2.31/elf/../sysdeps/unix/sysv/linux/dl-vdso.h
40 3
+1 2
fi=(2)
1554 1
+3 1
-3 1
+3 1
-3 2
cfi=(28)
cfn=(76) _dl_init_paths
calls=1 694 
* 109819
fi=(26)
27 5
+3 4
fi=(25)
+25 2
fe=(18)
+4 4
+3 1
-3 1
+3 3
+27 3
cfi=(21)
cfn=(50)
calls=1 269 
* 204
cfi=(20)
cfn=(42)
calls=1 +10 
* 54
* 16
-25 1
+1 2
+4 6
+5 2

fn=(39)
fi=(28)
998 6
+13 4
+3 4
-1 2
+1 2
-5 2
+1 4
+4 2
-3 2
-1 2
+4 2
+1 6
+19 2
-2 2
+2 2
-2 2
+2 4
+8 2
-8 2
+8 6
+24 2
-30 2
+90 2
-83 2
+23 4
+60 2
-46 2
-14 2
-23 2
+83 2
-91 2
+45 2
-44 2
+7 4
+83 2
-60 4
+28 6
+38 2
1030 6
1132 2
1030 2
1132 2
-89 114
+23 16
+5 24
+8 4
+5 8
-3 12
-1 4
+3 12
-3 4
+1 4
+1 4
-1 4
+3 4
-5 4
+4 4
+5 4
-4 4
-3 8
+7 4
+1 2
-1 4
+1 8
+4 2
+1 2
-1 2
+1 4
-15 2
+15 6
-1 2
-51 8
+51 2
+1 2
-1 2
+1 4
-15 2
+15 6
-1 2
-51 28
1157 4
+13 6
+10 4
fi=(46) /build/glibc-B7ONIp/glibc-2.31/elf/./dl-map-segments.h
51 2
+5 2
fi=(28)
1180 4
fi=(46)
51 2
+5 4
-6 2
+6 2
fi=(28)
1180 2
fi=(46)
56 4
fi=(28)
1180 2
fi=(46)
56 6
cfi=(45)
cfn=(150)
calls=2 -21 
* 32
+4 2
-4 2
+4 2
+6 2
-2 2
-1 2
+1 2
-1 2
+3 4
+14 2
+2 2
-2 4
fi=(48) /build/glibc-B7ONIp/glibc-2.31/elf/./dl-load.h
+10 2
+1 10
+2 6
-3 2
+1 10
+2 6
fi=(46)
+11 12
+8 2
-2 2
+2 4
-1 2
-1 2
+2 2
-1 2
+1 2
+1 2
-1 4
+3 6
+5 4
+3 6
+8 8
cfi=(37)
cfn=(114)
calls=2 29 
* 215
+6 6
+12 4
-59 16
+2 8
+2 18
cfi=(45)
cfn=(150)
calls=2 -59 
* 32
* 4
fi=(28)
1107 3
+4 1
+1 2
+1 2
+3 3
+9 1
-8 1
+8 1
-5 1
+5 1
-8 1
+8 1
-76 6
-7 4
+13 2
-1 2
-12 2
+13 4
-1 2
-12 4
+18 1
-18 1
+18 1
-18 1
+1 16
1144 2
1042 4
1144 2
+1 2
1042 2
1145 2
1042 8
+98 2
-98 2
+98 2
-98 2
fi=(46)
73 16
cfi=(47)
cfn=(154)
calls=2 +5 
* 14
* 4
fi=(28)
1188 2
+4 8
+9 6
fi=(3)
42 4
+6 2
-2 2
+2 4
+20 2
+3 2
+1 2
-3 2
-5 2
+4 2
+3 2
+1 2
-3 2
-5 2
-1 2
-13 90
+13 20
+1 30
-1 10
+2 4
+1 4
+1 2
-2 2
+3 4
+1 4
+1 2
-2 2
+3 6
+1 2
+1 2
-25 6
+25 35
-25 129
+33 4
+37 4
+7 10
+5 4
+4 4
+1 8
+14 4
+5 1
+2 1
+1 2
-3 1
+4 1
+1 2
+1 1
+1 2
+2 6
+2 1
+1 1
-1 1
+2 3
+8 5
+5 1
+1 3
+2 2
* 2
fi=(28)
1208 8
+2 10
+19 6
+19 6
+2 14
+48 4
+1 3
+3 2
cfi=(49)
cfn=(160)
calls=1 26 
* 151
* 2
cfi=(49)
cfn=(160)
calls=1 26 
* 133
fi=(48)
94 5
+2 1
-1 3
+1 1
-1 2
+3 5
fi=(3)
+3 7
+1 5
+1 5
+1 5
+2 2
-4 5
+1 5
+1 5
+2 2
+3 10
+2 10
+1 7
+1 14
fi=(46)
+28 8
cfi=(45)
cfn=(150)
calls=1 35 
* 16
+3 2
fi=(43)
-95 2
fe=(18)
+10 8
+3 2
-3 2
+3 6
+15 12
cfi=(14)
cfn=(28)
calls=2 -23 
* 129
* 10
+12 6
cfi=(21)
cfn=(50)
calls=2 269 
* 705
cfi=(20)
cfn=(42)
calls=2 +10 
* 137
* 32
+27 3
-13 6
+13 21
-15 3
+21 3
-6 6
+11 3
-3 3
+3 6
-3 3
+5 3
-2 3
-3 3
+3 3
+1 9
+5 6
+3 3
fi=(22)
1208 2
fe=(18)
136 1
fi=(22)
1208 7
fe=(18)
136 2
+2 1
-2 1
fi=(22)
1208 60
fe=(18)
136 30
+2 15
-2 16
+16 3
-5 2
+5 2
-6 2
+6 9
-5 4
+5 4
-6 4
+6 6
+2 4
+3 4
-3 2
+7 8
+4 4
+2 1
+6 1
+3 1
+10 1
-10 1
+10 2
-10 2
+10 2
-10 2
+10 4
+2 4
cfi=(14)
cfn=(28)
calls=2 54 
* 145
+4 4
-4 6
+4 2
+55 40
+1 120
+2 6
+3 4
+3 2
+4 9
-95 6
-8 12
+39 4
cfi=(31)
cfn=(84)
calls=2 34 
* 271
cfi=(20)
cfn=(48)
calls=2 50 
* 52
* 18

fn=(54)
31 6
+2 3
-2 3
+2 12
cfi=(2)
cfn=(56)
calls=3 802 
* 12
+2 12
+3 20
+2 2
+2 2
+4 6
+1 2
+3 2
-4 2
+4 2
-3 2
+1 4
-2 6
+1 2
+3 2
-2 2
+3 2
-1 2
cfi=(2)
cfn=(58)
calls=2 808 
* 8
-4 3
+1 1
+3 1
-4 1
+4 1
-3 1
+1 2
-2 3
+1 1
+3 1
-2 1
+3 1
-1 1
cfi=(2)
cfn=(58)
calls=1 808 
* 4
-5 2

fl=(62)
fn=(246) call_init.part.0
28 8
+11 4
-11 4
+8 4
-8 8
+8 8
+3 12
+5 6
+5 10
+9 14
cob=(3)
cfi=(64) /build/glibc-B7ONIp/glibc-2.31/csu/init-first.c
cfn=(260) _init
calls=1 -6 
* 159
cob=(2)
cfi=(19)
cfn=(248) 0x0482b2ec
calls=1 -58 
* 9
+4 4
+6 2
+2 4
-2 2
+2 2
+1 6
+1 10
cob=(3)
cfi=(68) /build/glibc-B7ONIp/glibc-2.31/libio/vtables.c
cfn=(268) check_stdfiles_vtables
calls=1 +11 
* 21
cob=(4)
cfi=(63)
cfn=(254) 0x00000401
calls=1 -72 
* 13
-1 4
+3 4
-29 3
-5 3

fn=(244)
79 2
+5 1
-5 1
+1 1
-1 1
+5 1
-5 1
+5 1
-3 1
+3 1
+8 4
+25 1
+1 2
+1 5
-1 1
-88 3
+89 15
-1 3
-88 12
cfn=(246)
calls=3 -2 
* 258
+88 8
+7 1
-95 4
cfn=(246)
calls=1 -2 
* 66
+57 5

fl=(57)
fn=(186)
28 2
+2 2
-2 12
+2 2
+4 18
+1 2
-1 2
+1 8
-2 4
+2 2
cfi=(37)
cfn=(114)
calls=2 -6 
* 44
* 4
+4 8
+1 2
-1 2
+1 4
-1 4
+3 2
-3 2
+3 4
-3 16
+1 4
-1 4
+1 8
-1 8
+3 4
-3 4
+3 8
+12 26
+2 12
+1 4
+33 12
-34 6
+1 2
+33 6
+21 6
-57 12
+61 22
+3 36
cfi=(37)
cfn=(114)
calls=4 -89 
* 70
* 18
-59 18
+1 8
+30 9
-44 18
+69 4
+7 8

fl=(12) /build/glibc-B7ONIp/glibc-2.31/elf/../sysdeps/unix/sysv/linux/arm/brk.c
fn=(24) brk
31 1
-3 2
+3 1
cfi=(13)
cfn=(26)
calls=1 +9 
* 4
* 3
+2 1
-2 2
+8 2
-6 1
+7 1

fl=(39)
fn=(128)
27 12
+2 4
+4 4
+4 4
+1 4
+1 4
+1 4
+1 4
+6 4
+9 12
+22 4
+4 4
+1 4
+14 4
cfi=(20)
cfn=(130)
calls=4 +43 
* 20

fl=(50)
fn=(162)
fi=(2)
1709 2
+76 4
+20 10
cfi=(51)
cfn=(164)
calls=1 159 
* 102583
-16 1
+1 1
-1 4
+1 1
+3 2
+1 1
+1 2
+1 1
-7 2
+7 1
fe=(50)
27 1
-2 1
+2 1
cfi=(13)
cfn=(26)
calls=1 +13 
* 4
* 7
+4 1

fl=(59)
fn=(228) _dl_protect_relro
310 4
-1 12
+1 4
+3 4
-4 4
+1 12
+3 4
-3 4
+3 4
-3 4
+7 8
+7 8
-6 12
cfi=(47)
cfn=(154)
calls=4 78 
* 28
* 8

fn=(206)
148 12
+10 4
-10 24
+10 4
+5 4
-15 4
+15 4
+1 36
+6 12
+6 12
+4 20
+7 16
+40 4
fi=(6)
93 8
fe=(59)
227 4
fi=(6)
93 16
fe=(59)
227 4
fi=(6)
93 8
fe=(59)
255 24
cfi=(37)
cfn=(114)
calls=4 29 
* 160
* 64
fi=(6)
449 4
fe=(59)
159 12
fi=(6)
449 48
fe=(59)
159 4
fi=(4)
47 4
+1 4
-1 4
+11 8
-11 4
+1 4
-1 4
+11 8
+3 6
fi=(6)
484 2
+7 2
fi=(5)
33 2
fi=(6)
484 2
+7 2
-7 2
fi=(5)
33 8
fi=(6)
662 48
+1 48
fi=(4)
61 48
fi=(6)
657 32
+1 16
+2 32
fe=(59)
255 40
cfi=(37)
cfn=(114)
calls=4 29 
* 160
* 32
fi=(4)
98 20
fi=(6)
580 12
+39 4
-39 4
+39 8
-39 12
fi=(4)
84 4
+2 8
-39 4
+36 4
-36 4
-1 4
+37 4
-35 8
+50 12
-14 4
+2 8
-39 4
+36 4
-36 4
-1 4
+37 4
-35 8
+50 12
+10 18
+10 24
+3 12
+3 18
fe=(59)
258 12
+24 4
+12 8
-12 8
+3 16
+17 8
+1 8
cfn=(228)
calls=4 +7 
* 120
+1 16
177 4
+1 24
fi=(6)
-78 4
+4 4
+10 2
-8 2
+8 4
fe=(59)
255 48
fi=(4)
84 6
+2 6
+12 12
-15 6
+15 6
+7 18
-22 6
+22 6
+13 9
+3 10
+3 15
fi=(6)
526 9
fi=(4)
139 3
-1 3
-2 3
fi=(6)
367 3
fi=(4)
139 6
-3 3
+1 3
fi=(6)
370 3
fi=(4)
137 3
-1 3
+1 9
fi=(6)
370 3
fi=(4)
139 113
-1 113
-2 113
fi=(6)
367 113
fi=(4)
139 226
-3 113
+1 113
fi=(6)
370 113
fi=(4)
137 113
-1 113
+1 339
fi=(6)
370 113
+17 232
+7 348
fi=(22)
126 300
fi=(6)
394 2300
fi=(4)
138 97
fi=(6)
394 2134
cfi=(7)
cfn=(214)
calls=97 841 
* 65582
* 291
+1 200
+8 49
+28 7
fi=(4)
124 28
fi=(6)
431 85
fi=(4)
124 439
fi=(6)
449 21
+9 28
+1 7
-56 4
525 2
-1 6
+1 2
+1 6
cob=(3)
cfi=(61) /build/glibc-B7ONIp/glibc-2.31/string/../sysdeps/arm/armv7/multiarch/ifunc-memcpy.h
cfn=(226) memcpy
calls=1 28 
* 5
cob=(3)
cfi=(60) /build/glibc-B7ONIp/glibc-2.31/string/../sysdeps/arm/armv7/multiarch/ifunc-memchr.h
cfn=(224) memchr
calls=1 25 
* 5
* 2
+1 2
+1 34
395 32
+3 16
-3 80
+3 16
-3 16
+3 16
-3 186
+3 93
-3 465
+3 93
-3 93
+3 93
+5 967
517 45
+2 60
+1 90
-98 186
fi=(4)
111 24
+49 6
fi=(6)
556 24
394 117
127 8
fi=(4)
-16 8
+1 1236
-1 1236
fi=(6)
637 3708
fi=(4)
111 1236
+7 9
+42 3
fi=(6)
526 4
fi=(4)
171 1
-1 1
fi=(6)
367 1
fi=(4)
171 1
fi=(6)
370 1
fi=(4)
170 1
+1 2
-1 3
fi=(6)
370 1
fi=(4)
171 4
-1 4
fi=(6)
367 4
fi=(4)
171 4
fi=(6)
370 4
fi=(4)
170 4
+1 8
-1 12
fi=(6)
370 4
+17 10
+7 15
fi=(22)
126 15
fi=(6)
394 205
cfi=(7)
cfn=(214)
calls=5 841 
* 2369
* 15
+1 10
+8 24
+52 20
-52 4
+28 8
fi=(4)
160 16
fi=(6)
431 2
fi=(4)
160 5
fi=(6)
395 2
+3 1
-3 5
+3 1
-3 1
+3 1
+5 9
+88 2
fe=(59)
255 60

fl=(52) /build/glibc-B7ONIp/glibc-2.31/io/../sysdeps/unix/sysv/linux/xstat64.c
fn=(170) __xstat64
fi=(28)
1811 6
+3 2
-3 2
+3 1
+4 6
cfi=(31)
cfn=(84)
calls=1 34 
* 25
* 3
cfi=(31)
cfn=(84)
calls=1 34 
* 23
+6 2
-3 2
+3 1
+3 8
cfn=(138) open_verify.isra.0.constprop.0
calls=1 1466 
* 58
+2 1
-2 1
+2 2
+2 2
+5 2
+1 11
+6 3
+2 1
-2 3
+2 3
cfi=(52)
cfn=(171) __xstat64'2
calls=1 33 
* 2721
* 1
+3 2
-37 3
+37 2
fe=(52)
33 3
-2 1
+2 1
cfi=(13)
cfn=(26)
calls=1 +7 
* 4
* 7
+2 1

fn=(171)
fi=(28)
1811 87
+3 28
-3 28
+3 14
+4 84
cfi=(31)
cfn=(84)
calls=14 34 
* 316
* 42
cfi=(31)
cfn=(84)
calls=14 34 
* 322
+6 28
-3 28
+3 14
+3 112
cfn=(138)
calls=14 1466 
* 812
+2 14
-2 14
+2 28
+2 28
+65 8
+7 3
-2 1
+2 1
-2 2
+2 2
+3 2
1789 1
1920 5
-84 28
+1 154
+6 42
+2 14
-2 42
+2 42
cfi=(52)
cfn=(171)
calls=14 33 
* 18013
* 15
+1 2
+2 7
-37 3
+37 28
-37 42
+37 28
fe=(52)
33 45
-2 15
+2 15
cfi=(13)
cfn=(26)
calls=15 +7 
* 60
* 30
+2 1
-2 70
+2 14

fl=(15) /build/glibc-B7ONIp/glibc-2.31/elf/../misc/sbrk.c
fn=(30) sbrk
32 2
+8 8
+4 2
+16 2

fl=(53)
fn=(172) _dl_load_cache_lookup
fi=(28)
2104 3
+4 2
+8 4
+23 7
cfn=(138)
calls=1 1466 
* 2297
fe=(53)
195 1
-8 1
+8 1
-8 1
+8 1
-8 2
+8 2
+3 5
+3 5
cfi=(40)
cfn=(174)
calls=1 44 
* 1329

fn=(178)
141 8
+1 24
+15 16
+7 78
+2 78
+4 32
+1 32
-29 64
+2 224
-2 2
+2 56
+2 2
+8 1
-1 1
-1 1
+2 3
+2 3
-3 1
+3 1
+2 2
+16 2
+1 2
-8 7
+8 14

fn=(236)
348 1
+1 6
+2 2
cfi=(47)
cfn=(238)
calls=1 78 
* 7
+1 2
+2 1

fl=(28)
fn=(168) open_path
1779 5
+1 1
-1 1
+7 2
-2 2
+7 1
-7 3
+7 2
-8 1
+8 5
1443 4
1791 2
1437 3
1791 6
+12 5
+7 2
+1 1
-13 1
+20 1
-7 1
-1 1
+1 1
-1 1
+8 1
-8 1
cfi=(31)
cfn=(84)
calls=1 34 
* 25
+14 1
+34 1
-34 1
+34 2
-48 1
+1 6
+3 2
-3 2
+3 1
+4 6
cfi=(31)
cfn=(84)
calls=1 34 
* 27
* 3
cfi=(31)
cfn=(84)
calls=1 34 
* 23
+6 2
-3 2
+3 1
+3 8
cfn=(138)
calls=1 1466 
* 58
+2 1
-2 1
+2 2
+2 2
+5 2
+1 11
+6 3
+2 1
-2 3
+2 3
cfi=(52)
cfn=(170)
calls=1 33 
* 2914
2073 2
-6 1
+6 5
659 1
2074 1
659 2
2082 2
+14 3
+2 5
+4 2
cfi=(53)
cfn=(172)
calls=1 195 
* 3661

fn=(76)
fi=(2)
1557 3
cfi=(34)
cfn=(104)
calls=1 46 
* 25
+7 1
-5 1
-2 1
+2 1
+5 2
+4 2
+9 1
-9 1
+9 1
-8 1
-1 1
+4 1
-4 2
+3 1
+1 1
-3 1
+2 1
+1 1
-1 1
+6 1
-5 2
+5 1
-7 1
+2 1
+5 1
+18 5
+1 3
+5 1
+6 1
-7 1
+7 1
-9 2
+2 1
-2 1
+3 1
-1 1
+6 2
+1 6
-1 2
+9 5
+6 5
+1 7
-2 2
+20 1
cfi=(35)
cfn=(106)
calls=1 113 
* 6
+8 1
-8 1
+8 1
+3 2
+4 4
+5 3
+1 1
cfi=(34)
cfn=(108)
calls=1 74 
* 1
+1 1
+4 5
+16 4
+4 3
-2 1
+2 2
-77 2
+1 1
-1 2
+1 1
+1 1
-33 6
-11 4
1690 4
cfn=(110)
calls=1 858 
* 106124
fe=(28)
694 1
-13 2
+13 1
-13 1
+13 2
-13 1
+13 5
cfi=(29)
cfn=(78)
calls=1 42 
* 3520

fn=(77)
798 7
cfi=(21)
cfn=(50)
calls=1 269 
* 20
+5 1
-5 1
+5 3
-1 1
+2 3
+1 3
-1 1
-1 3
+1 39
+1 39
-1 13
-1 40
+5 1
cfn=(86) fillin_rpath
calls=1 447 
* 761
cfi=(20)
cfn=(48)
calls=1 50 
* 26
* 18

fn=(92)
231 5
+3 10
cfi=(32)
cfn=(94)
calls=5 28 
* 711
+4 5
-1 5
+20 10

fn=(138)
1466 72
+39 36
-39 54
+39 18
-39 18
+39 54
-39 18
+39 18
+31 54
cfi=(41)
cfn=(140)
calls=18 34 
* 530
+2 18
-2 18
+2 18
+11 4
+1 2
-1 4
+1 6
+5 10
cfi=(42)
cfn=(142)
calls=2 26 
* 850
-37 16
1765 80
2177 1
-3 1
+3 1
+12 4
+46 1
+1 3
-1 1
+1 1
-1 1
+1 3
-1 1
+1 6
cfn=(144) _dl_map_object_from_fd
calls=1 866 
* 1619
-1 1
+1 3
-1 1
+1 1
-1 1
+1 3
-1 1
+1 6
cfn=(144)
calls=1 866 
* 1702
-75 5
+28 4
+2 4
-48 1
-4 1
+4 1
+1 2

fn=(90) expand_dynamic_string_token
378 4
+10 2
-10 2
+10 2
cfn=(92)
calls=2 231 
* 362
+3 2
+1 2
+11 2
-11 2
cfi=(33)
cfn=(96)
calls=2 40 
* 286

fn=(134)
fi=(2)
609 1
+2 2
fe=(28)
1927 20
+8 8
+1 20
+3 28
+19 20
-19 21
+5 45
+2 27
cfi=(40)
cfn=(136)
calls=9 282 
* 606
* 9
+4 21
+1 21
+3 2
+2 2
-1 6
+1 4
cfi=(23)
cfn=(60)
calls=2 158 
* 40
* 2
+2 6
cfi=(23)
cfn=(60)
calls=2 158 
* 40
* 4
2238 8
1972 16
+10 6
+34 2
+2 4
-2 4
+2 2
cfi=(32)
cfn=(94)
calls=2 28 
* 91
* 4
2169 2
-1 3
cfn=(90)
calls=1 378 
* 437
-1 1
+3 1
-3 1
+3 2
+4 7
cfn=(138)
calls=1 1466 
* 2053
2022 2
cfi=(14)
cfn=(28)
calls=1 54 
* 41
+2 4
-2 1
+2 1
+7 5
+36 14
cfn=(168)
calls=1 1779 
* 6854
-32 12
+5 3
659 1
2041 1
659 2
2055 5
+1 7
659 1
2057 1
659 2
2066 5
+1 2
fi=(51)
64 1
+5 2
fe=(28)

fn=(86)
447 3
+2 1
-2 1
+39 3
-39 1
+39 2
+23 1
-62 1
+62 2
+11 3
-69 3
cfi=(20)
cfn=(88)
calls=1 262 
* 209
* 3
+7 3
+2 3
cfn=(90)
calls=1 -82 
* 229
+4 3
+5 1
cfi=(14)
cfn=(29)
calls=1 54 
* 33
+1 3
+7 6
+9 14
+1 12
+18 3
+4 12
cfi=(31)
cfn=(84)
calls=1 34 
* 152
cfi=(20)
cfn=(48)
calls=1 50 
* 26
* 13
-27 5
818 3
+6 2
+4 1
-4 2
+4 2

fn=(87)
542 3
+2 2
cfi=(20)
cfn=(88)
calls=1 262 
* 15
cfi=(20)
cfn=(102)
calls=1 109 
* 7
* 6
-93 3
+97 2
+3 3
-31 1
-3 1
+3 3
+1 3
-4 1
+1 2
+8 2
+1 1
-1 3
+1 2
+1 1
-1 17
+1 15
-1 30
+3 2
+1 2
+8 1
-1 1
+1 3
-3 3

fn=(144)
866 8
+10 2
-10 8
+10 2
-10 4
+10 2
cfi=(34)
cfn=(104)
calls=2 46 
* 26
+7 6
-7 2
+7 2
fi=(43)
37 8
cfi=(44)
cfn=(148)
calls=2 * 
* 3241
fe=(28)
2236 2
+2 8

fl=(58)
fn=(194) _dl_check_map_versions
171 1
-15 3
+15 2
+2 2
+2 1
-2 1
+3 1
-1 1
+1 1
+2 3
+3 4
+4 3
37 1
165 1
65 2
-28 2
218 1
65 1
+92 1
-92 1
218 5
37 2
201 1
37 1
201 3
37 5
201 1
37 1
201 3
37 3
+1 5
-1 10
+2 21
cfi=(40)
cfn=(136)
calls=7 282 
* 437
* 14
209 6
+5 10
+4 30
65 2
218 2
+4 2
57 2
218 2
+4 2
57 2
+8 4
+6 6
+16 2
+1 4
+2 4
+5 22
+14 12
+12 6
+4 2
-30 6
225 2
+3 2
-3 8
+3 2
114 10
cfi=(23)
cfn=(60)
calls=2 +44 
* 154
* 12
237 8
+5 2
-43 1
80 2
251 3
+17 2
+6 4
cfi=(20)
cfn=(42)
calls=1 99 
* 44
* 78
+93 2
+1 12
cfn=(195) _dl_check_map_versions'2
calls=2 171 
* 1676
-2 12

fn=(195)
171 3
-15 9
+15 6
+2 6
+2 3
-2 3
+3 3
-1 3
+1 3
+2 9
+3 4
+4 3
37 1
165 1
65 2
-28 2
218 1
65 1
+92 1
-92 1
218 5
37 2
201 1
37 1
201 3
37 3
+1 3
-1 6
+2 12
cfi=(40)
cfn=(136)
calls=4 282 
* 261
* 8
209 3
+5 5
+4 4
* 4
* 8
65 2
218 2
+4 2
57 2
218 2
+4 2
57 2
+8 4
+6 6
+16 2
+1 4
+2 4
+5 22
+14 15
+12 9
+4 3
-30 9
225 2
+3 2
-3 8
+3 2
+5 1
-11 1
114 10
cfi=(23)
cfn=(60)
calls=2 +44 
* 144
* 11
237 4
80 2
251 3
+3 10
+10 27
-7 27
+3 27
-3 108
+3 54
-3 2
+3 2
-3 8
+3 4
+8 4
-17 6
-79 1
357 3
-83 8
cfi=(20)
cfn=(42)
calls=2 99 
* 88
* 596
165 2
-8 2
367 1
+1 6
cfn=(195)
calls=1 171 
* 177
-2 12
+5 2

fn=(192)
fi=(2)
641 1
+4 1
fe=(58)
362 1
+4 4
-2 2
+3 1
+1 6
cfn=(194)
calls=1 171 
* 2709

fl=(8)
fn=(14)
fi=(2)
451 5
+99 3
fe=(8)
114 2
-25 1
+25 2
-25 1
+24 1
-24 1
+25 2
-1 1
+1 3
-1 1
+1 48
+6 1
-2 1
-4 1
+3 1
-3 1
+3 1
+1 1
-1 1
+3 22
-30 1
+30 4
-30 9
+1 2
-1 1
+31 71
+61 1
+1 1
-1 1
-62 94
+34 2
+1 1
-1 1
-34 3
+46 3
+1 2
-47 3
+40 2
+1 1
-1 3
-40 3
+37 2
+1 1
-1 1
-37 4
+13 1
+1 1
-14 4
+10 1
+1 1
-11 4
+7 1
-7 4
+4 1
-4 4
fi=(6)
270 1
fe=(8)
-47 1
cfi=(9)
cfn=(18)
calls=1 +55 
* 5131
fi=(11)
36 1
fi=(6)
270 1
fi=(11)
36 1
cfi=(12)
cfn=(24)
calls=1 -5 
* 18
fi=(6)
270 4
fe=(8)
-33 2
cfi=(15)
cfn=(30)
calls=1 32 
* 14
* 4
+12 4
+3 7
cfi=(2)
cfn=(32)
calls=1 1090 
* 111492
-17 1
cfi=(14)
cfn=(28)
calls=1 54 
* 34
* 2

fn=(234)
259 1

fl=(49)
fn=(160)
fi=(28)
1417 10
1302 4
+9 6
+4 2
-2 2
+2 2
-2 2
+2 2
-2 4
+2 4
+16 4
cfi=(7)
cfn=(12)
calls=2 961 
* 40
+4 6
+1 6
+17 6
+1 3
+3 4
+5 3
-5 4
+5 3
+10 10
+9 4
+1 4
+5 1
cfi=(35)
cfn=(180)
calls=1 51 
* 11
* 1
+7 3
cfi=(18)
cfn=(54)
calls=1 31 
* 52
* 3
+4 10
fi=(40)
71 3
fe=(49)
-45 3
-1 3
+1 3
cfi=(13)
cfn=(26)
calls=3 +14 
* 12
* 6
+1 3

fl=(16)
fn=(34)
29 3
-1 3
+4 29
+2 39
+1 15
+5 2
-3 2
+3 2
+2 2
+7 1

fl=(77)
fn=(318)
66 5
+6 5
-6 10
+6 5
-3 5
+3 5
+3 10
-2 5
-4 5
+6 5
-2 10
+7 10
-7 10
+7 5
+4 15
+4 10
+4 4
+1 4
-1 4
+1 8
+1 4
-8 12
+16 25
-1 5
+11 60
cfi=(7)
cfn=(214)
calls=5 841 
* 3750
+4 5
-4 5
+4 5
+10 70
+15 20
+4 20
fi=(6)
281 5
fe=(77)
149 15

fl=(21)
fn=(50)
269 57
+1 57
+1 57
+30 55
+1 55
+1 55
+6 142
+3 2
+1 2
+1 2
+1 2
+1 2
+1 2
-8 8
+3 1
+1 1
+1 1
+1 1
+1 1
+1 1
-8 48
+3 8
+1 8
+1 8
+1 8
+1 8
+1 8
-8 96
+3 24
+1 24
+1 24
+1 24
+1 24
+1 24
cfi=(18)
cfn=(39)
calls=1 116 
* 254
-8 14
+3 7
+1 7
+1 7
+1 7
+1 7
+1 7
cfi=(51)
cfn=(165)
calls=1 447 
* 1395
-5 13
+1 13
+1 13
+1 13
+1 13
+1 13
cfi=(18)
cfn=(39)
calls=1 116 
* 190
+4 3
+4 3
+1 3
+1 3
+1 3
+12 2
+1 2
+12 2
+1 2
+2 2
+1 2
+38 2
+1 2
+2 2
+1 2
+1 2
+1 2
+1 2
+1 2
+1 2
+1 2
+1 2
+1 2
+1 2
+1 2
+1 2
+1 2
+1 2
+1 2
+1 2
+1 2
+1 2
+1 2
+9 2
+1 2
+9 2
+1 2
+1 2
+5 4
+3 2
+1 2
+1 2
+1 2
+1 2
+1 2
+1 2
+1 2
+3 2
+3 2
cfi=(18)
cfn=(39)
calls=1 116 
* 380
598 1
+1 1
+4 1
+1 1
+1 1
+11 1
+1 1
+1 1
+1 1
+1 1
+31 1
+1 1
+1 1
+1 1
+1 1
+1 1
+3 1
+1 1
+1 1
+3 1
+1 1
+1 1
+3 1
+1 1
+1 1
+18 1
+1 1
+1 1
+1 1
+1 1
+1 1
+1 1
+1 1
+1 1
+1 1
+1 1
+1 1
+1 1
+3 1
+1 1
+1 1
+1 1
+3 1
+1 1
+3 1
+1 1
+3 1
+1 1
+2 1
+3 1

fn=(51)
269 6
+1 6
+1 6
+30 5
+1 5
+1 5
+6 26
+3 1
+1 1
+1 1
+1 1
+1 1
+1 1
-8 8
+3 1
+1 1
+1 1
+1 1
+1 1
+1 1
cfi=(51)
cfn=(165)
calls=1 594 
* 251
-8 8
+3 2
+1 2
+1 2
+1 2
+1 2
+1 2
cfi=(51)
cfn=(165)
calls=1 447 
* 504
-8 2
+3 1
+1 1
+1 1
+1 1
+1 1
+1 1
+4 1
+4 1
+1 1
+1 1
+1 1
+12 1
+1 1
+12 1
+1 1
+2 1
+1 1
+38 1
+1 1
+2 1
+1 1
+1 1
+1 1
+1 1
+1 1
+1 1
+1 1
+1 1
+1 1
+1 1
+1 1
+1 1
+1 1
+1 1
+1 1
+1 1
+1 1
+1 1
+1 1
+9 1
+1 1
+9 1
+1 1
+1 1
+5 2
+3 1
+1 1
+1 1
+1 1
+1 1
+1 1
+1 1
+1 1
+3 1
+3 1

ob=(3)
fl=(101) /build/glibc-B7ONIp/glibc-2.31/string/mempcpy.c
fn=(432) mempcpy
34 184172
+1 92086
cob=(2)
cfi=(19)
cfn=(410) 0x048541e0
calls=92086 -35 
* 1657566
+1 184172

fl=(97) /build/glibc-B7ONIp/glibc-2.31/io/../sysdeps/unix/sysv/linux/fxstat64.c
fn=(390) __fxstat64
fi=(96) /build/glibc-B7ONIp/glibc-2.31/libio/filedoalloc.c
84 6
+2 12
+11 10
+4 6
cfi=(89) /build/glibc-B7ONIp/glibc-2.31/libio/genops.c
cfn=(392) _IO_setb
calls=3 329 
* 75
cfi=(78) /build/glibc-B7ONIp/glibc-2.31/malloc/malloc.c
cfn=(320) malloc
calls=3 3023 
* 612
* 27
-10 1
fi=(118) /build/glibc-B7ONIp/glibc-2.31/libio/../include/sys/sysmacros.h
-44 4
fi=(96)
+44 1
-2 2
+8 1
-3 1
+3 1
-3 2
+3 3
fe=(97)
-60 9
-3 3
+3 3
cfi=(86) /build/glibc-B7ONIp/glibc-2.31/csu/../sysdeps/unix/sysv/linux/arm/libc-do-syscall.S
cfn=(348) __libc_do_syscall
calls=3 +3 
* 12
* 6
+9 3

fl=(68)
fn=(268)
83 1
+1 1
-1 1
+1 6
+4 1
-3 5
+1 6

fl=(93) /build/glibc-B7ONIp/glibc-2.31/string/../sysdeps/arm/armv6/strchr.S
fn=(370) index
28 2
+1 2
+8 2
+1 2
+1 2
+1 2
+1 2
+1 2
+93 2
+1 2
+1 2
+1 2

fl=(66) /build/glibc-B7ONIp/glibc-2.31/string/../sysdeps/arm/armv6/strrchr.S
fn=(264) rindex
29 1
+1 1
+1 1
+3 1
+1 1
+1 5
+1 5
+1 5
+1 5
+1 5
+1 5
+1 5
+1 5
+1 5
+3 1
+7 1
+2 1
+1 1
+4 1
+1 1
+5 1
+4 1
+1 1
+1 1
+1 1
+1 1
+1 1
+1 1
+1 1
+19 1
+7 1
+1 1
+1 1
+1 1
+1 1
+1 1
+2 1
+8 1
+1 1
+1 1
+1 1
+1 1
+1 1

fl=(73) /build/glibc-B7ONIp/glibc-2.31/setjmp/../sysdeps/arm/setjmp.S
fn=(300) __sigsetjmp
27 9
+2 1
+4 1
+4 1
+1 1
+1 1
+1 1
+1 1
+6 1
+14 9
+17 1
+4 1
+1 1
+14 1
cfi=(74) /build/glibc-B7ONIp/glibc-2.31/setjmp/sigjmp.c
cfn=(302) __sigjmp_save
calls=1 -69 
* 6

fl=(79) /build/glibc-B7ONIp/glibc-2.31/malloc/hooks.c
fn=(322) malloc_hook_ini
fi=(78)
3023 1
+8 1
-8 4
+8 2
+1 2
1208 3
3044 1
1210 2
3044 3
1210 2
3044 8
+12 4
+2 5
cfn=(338) _int_malloc
calls=1 3513 
* 144
+1 8
+23 3
2978 4
cfn=(336) tcache_init.part.0
calls=1 +3 
* 593
+69 5
+1 3
+1 3
fe=(79)
29 1
+1 2
-1 4
+1 2
+1 1
cfi=(80) /build/glibc-B7ONIp/glibc-2.31/malloc/arena.c
cfn=(324) ptmalloc_init
calls=1 290 
* 66445

fl=(102) /build/glibc-B7ONIp/glibc-2.31/io/../sysdeps/unix/sysv/linux/write.c
fn=(444) write
25 46
+1 276
cfi=(86)
cfn=(348)
calls=46 +14 
* 184
* 138
+1 92

fl=(112) /build/glibc-B7ONIp/glibc-2.31/stdlib/cxa_thread_atexit_impl.c
fn=(500) __call_tls_dtors
146 1
-1 1
+1 3
-1 1
+1 1
-1 1
+1 1
+18 1

fl=(72) /build/glibc-B7ONIp/glibc-2.31/setjmp/../sysdeps/arm/bsd-_setjmp.S
fn=(298) _setjmp
26 1
+1 1
cfi=(73)
cfn=(300)
calls=1 * 
* 36

fl=(83) /build/glibc-B7ONIp/glibc-2.31/malloc/morecore.c
fn=(342) __default_morecore
46 2
+1 2
cfi=(84) /build/glibc-B7ONIp/glibc-2.31/misc/sbrk.c
cfn=(344) sbrk
calls=2 -15 
* 84
+5 8

fl=(106) /build/glibc-B7ONIp/glibc-2.31/stdio-common/vfprintf-internal.c
fn=(484) __vfprintf_internal
1289 5
+31 1
-31 3
+39 1
-39 3
+31 4
-31 2
+31 4
-31 3
+39 4
+4 5
+11 2
fi=(107) /build/glibc-B7ONIp/glibc-2.31/stdio-common/printf-parse.h
111 2
fe=(106)
1354 3
fi=(107)
111 1
cfi=(108) /build/glibc-B7ONIp/glibc-2.31/string/strchrnul.c
cfn=(488) strchrnul
calls=1 -74 
* 112
fe=(106)
1369 1
-4 1
+4 2
fi=(107)
111 1
fe=(106)
1365 1
+4 1
fi=(109) /build/glibc-B7ONIp/glibc-2.31/stdio-common/../libio/libioP.h
941 2
fe=(106)
1373 1
fi=(109)
941 3
+2 1
+1 1
-3 1
+3 1
fe=(106)
1373 7
cfi=(90) /build/glibc-B7ONIp/glibc-2.31/libio/fileops.c
cfn=(420) _IO_file_xsputn@@GLIBC_2.4
calls=1 1198 
* 1458
* 2
1741 9
+1 2
1289 1
1745 1
1289 1
1745 10
1369 10
+1 21
+7 4
+4 16
+42 1
-99 1
+99 3
-65 3
-8 2
+73 7
-8 2
+1 1
-5 1
+12 3
-7 1
+7 1
-15 1
+1 1
+1 1
-3 1
+16 2
-17 2
-1 2
-1 2
+8 1
-10 1
+10 1
+8 1
-1 1
+1 2
1705 3
+2 3
+8 1
fi=(107)
111 1
fe=(106)
1715 2
fi=(107)
111 2
cfi=(108)
cfn=(488)
calls=1 -74 
* 183
fe=(106)
1719 1
-4 1
+4 2
fi=(109)
944 1
-1 1
+1 2
fe=(106)
1719 5
cfi=(90)
cfn=(420)
calls=1 1198 
* 233
* 9
+2 1
-2 1
+2 3
-34 55
fi=(109)
944 1
-1 1
+1 2
fe=(106)
1687 5
cfi=(90)
cfn=(420)
calls=1 1198 
* 82
* 7
+54 8
-53 2
-1 8
cfi=(110) /build/glibc-B7ONIp/glibc-2.31/stdio-common/_itoa.c
cfn=(492) _itoa_word
calls=1 165 
* 58
* 46

fl=(91) /build/glibc-B7ONIp/glibc-2.31/io/../sysdeps/unix/sysv/linux/open.c
fn=(366) open
33 24
+3 8
+8 7
cfi=(86)
cfn=(348)
calls=1 -4 
* 4
* 3
cfi=(86)
cfn=(348)
calls=1 -4 
* 4
* 6
-11 2
+12 2
-12 2
+12 22
-6 1
+5 1
-5 1
+5 1
-4 1
+4 3

fl=(74)
fn=(302)
28 2
+2 1
+4 1
-5 1
+5 1

fl=(110)
fn=(492)
165 4
+3 2
+2 1
-2 1
+2 1
+9 2
-9 1
+9 45
+9 1

fl=(70)
fn=(276)
137 3
+4 1
-4 3
+4 1
-4 3
+4 2
* 3
+96 1
+1 3
cfi=(71) /build/glibc-B7ONIp/glibc-2.31/stdlib/cxa_atexit.c
cfn=(278) __cxa_atexit
calls=1 70 
* 80
+22 6
+3 1
+1 6
cob=(5)
cfi=(69)
cfn=(284)
calls=1 0 
* 45
+4 6
+15 2
+12 2
cfi=(72)
cfn=(298)
calls=1 26 
* 38
+1 1
+12 1
-10 1
+3 2
+7 1
-7 1
+1 1
+3 1
+3 2
-6 1
+6 5
cob=(5)
cfi=(69)
cfn=(304)
calls=1 0 
* 28734900

fl=(115) /build/glibc-B7ONIp/glibc-2.31/nptl/register-atfork.c
fn=(510) __unregister_atfork
80 4
-1 2
+1 2
-1 2
+1 16
+2 6
-14 2
+38 20
+1 2

fl=(78)
fn=(336)
2981 1
-9 1
+9 3
-9 1
+9 11
+1 3
cfn=(338)
calls=1 3513 
* 410
+1 2
+8 8
+9 1
+1 3
-1 4
+4 2
-3 1
cfi=(87) ???
cfn=(350) ____GI_memset_from_thumb
calls=1 0 
* 142

fn=(476) unlink_chunk.isra.0
1453 1
-2 1
+2 4
+4 1
+2 6
+5 1
-2 1
+1 1
+1 3
+24 1

fn=(466) free
3087 4
+5 4
-5 4
+5 8
+1 8
-6 12
+12 8
+5 4
-2 4
+2 8
+18 32
+2 12
+1 4
-1 4
+2 8
-1 4
cfn=(468) _int_free
calls=4 4155 
* 437

fn=(338)
3513 6
1208 6
3513 6
1208 12
+2 30
3638 6
+2 9
1210 6
3553 12
1635 24
3577 18
+58 12
+62 82
3589 12
4147 18
3640 12
-3 3
+3 12
-3 3
+3 18
+78 6
-1 3
+1 9
-1 6
+1 15
-1 3
+1 9
-1 6
+1 24
-2 25
+6 10
3892 20
-97 15
-67 15
-6 2
3892 4
-97 3
-67 3
-31 2
+1 9
+18 2
3917 12
+2 9
+3 3
-3 6
+3 6
+68 6
+4 6
+12 6
-16 6
+1 6
+3 6
-2 6
+2 6
-3 6
+2 12
+6 42
3697 6
4006 21
-3 39
4103 6
+3 6
-2 12
+2 12
+3 18
+17 3
1868 5
4112 5
+2 5
-3 5
1868 5
4116 5
-2 5
-1 5
1868 5
4114 20
+5 5
-5 10
+2 5
1868 10
4141 3
cfn=(340) sysmalloc
calls=1 2255 
* 277
+1 3
1868 5

fn=(468)
4155 24
+10 4
-10 4
+10 4
-10 28
+16 12
+1 12
+4 8
+8 36
-1 4
+1 4
-1 4
+1 12
+9 2
-6 2
+6 4
+13 12
1635 4
4220 6
-65 4
4428 4
4155 4
4428 32
4295 6
+3 2
+3 4
-3 2
+3 12
+7 2
-4 2
+4 4
+3 6
+5 6
+4 2
-1 2
+1 2
+1 6
1875 10
4327 6
+1 1
+2 1
-1 1
+2 4
+2 2
cfn=(476)
calls=1 1453 
* 20
+3 6
+2 2
+3 2
+4 3
+9 1
-1 1
+2 3
+4 1
-1 1
+3 2
+1 1
+2 1
+3 1
-2 1
+2 1
+1 1
+30 4
+1 3
+3 4
2924 4
+4 2
-2 4
+1 2
+1 2
4209 2
4418 2
-14 1
+1 2
-1 5
+2 2
cfn=(478) systrim.isra.0.constprop.0
calls=1 2741 
* 20
+12 2
-39 1
+1 2
+1 2
-68 6
-2 4

fn=(320)
3023 5
+8 5
-8 20
+8 10
+1 10
1208 12
3044 4
1210 8
3044 12
1210 8
3044 32
+3 20
+9 16
+2 20
cfn=(338)
calls=4 3513 
* 594
+1 32
+23 12
-33 3
-16 1
+49 2
-49 1
cfi=(79)
cfn=(322)
calls=1 29 
* 67256

fn=(340)
2255 4
+20 1
+11 1
-31 1
+20 3
+11 2
+1 7
2388 1
+6 3
-6 2
+15 5
-35 1
+11 1
-10 2
+10 3
-9 1
+9 1
+6 3
+3 3
2705 2
+6 1
-5 2
+5 1
+3 2
+5 1
-2 1
+5 1
-6 1
+3 1
-1 1
+1 1
+1 3
-1 2
+1 1
+8 2
2441 3
+8 12
+11 2
+8 2
+2 5
cfi=(83)
cfn=(342)
calls=1 46 
* 74
* 1
+1 1
+3 2
+3 3
+1 2
+46 11
+2 1
+6 4
-6 2
+6 2
-7 4
2660 1
+1 1
-1 1
+1 2
-1 1
+1 1
+1 1
-1 1
+1 2
+11 2
2535 7
+34 1
+6 1
+23 1
-13 2
+1 3
+11 4
+1 5
+2 2
+1 8
cfi=(83)
cfn=(342)
calls=1 46 
* 22
+12 4
+8 3
+1 2

fn=(478)
2741 1
+11 1
-11 1
+11 1
-11 1
+11 3
+2 1
+1 2
-4 1
+8 1
-8 1
+8 2
+2 2
-5 1
+49 1

fl=(60)
fn=(224)
25 5

fl=(85) /build/glibc-B7ONIp/glibc-2.31/misc/../sysdeps/unix/sysv/linux/arm/brk.c
fn=(346) brk
28 4
+3 2
-3 4
+3 2
cfi=(86)
cfn=(348)
calls=2 +9 
* 8
* 6
+2 2
-2 4
+8 4
-6 2
+7 2

fl=(108)
fn=(488)
37 2
+10 2
-4 2
+4 5
+2 1
-2 1
+2 1
+1 5
164 4
-93 2
+61 4
-61 4
+1 2
+46 4
+14 2
-11 2
+11 2
-11 2
+11 2
-8 2
+8 10
-14 28
+14 14
-11 14
+11 14
-11 14
+11 14
-8 14
+8 70
+8 10
+2 10
-95 28
+95 4

fl=(90)
fn=(420)
1198 92131
+6 92131
-6 92131
+6 92131
+7 644917
+17 184258
+1 184258
-1 92175
fi=(95) /build/glibc-B7ONIp/glibc-2.31/libio/libioP.h
941 92
fe=(90)
1244 46
fi=(95)
941 92
+2 46
-2 46
+3 92
-3 2
fe=(90)
1244 1
fi=(95)
941 2
+2 1
-2 1
+3 2
fe=(90)
1244 188
cfn=(422) _IO_file_overflow@@GLIBC_2.4
calls=47 733 
* 6103
* 94
+6 94
+1 282
cfi=(87)
cfn=(426) __aeabi_uidivmod
calls=47 0 
* 846
* 47
+2 94
+11 47
-59 1
+63 2
-55 4
+1 2
+3 4
-3 2
+18 276250
+2 92084
+2 276252
+1 92084
+1 92084
-2 92084
cfi=(101)
cfn=(432)
calls=92084 34 
* 2117932
-2 1
+2 3
+1 1
+1 1
-2 1
cfi=(101)
cfn=(432)
calls=1 34 
* 31
* 92085
+4 184170
+7 92084
+21 184260
-49 18
-2 15
+48 184
cfi=(89)
cfn=(430) _IO_default_xsputn
calls=46 371 
* 2785
* 138
-44 1
+11 2
fi=(95)
947 2
fe=(90)

fn=(546) _IO_file_setbuf@@GLIBC_2.4
382 2
+1 2
+4 1
+3 1
-4 1
+2 2
+3 1

fn=(460) _IO_file_close
1168 4
cfi=(104) /build/glibc-B7ONIp/glibc-2.31/io/../sysdeps/unix/sysv/linux/close_nocancel.c
cfn=(462) __close_nocancel
calls=2 26 
* 1210

fn=(438) new_do_write
434 46
-2 322
+2 230
-2 46
+2 46
fi=(95)
944 92
fe=(90)
449 230
cfn=(442) _IO_file_write@@GLIBC_2.4
calls=46 1174 
* 1978
+1 276
+6 46
-4 46
+4 46
-4 92
+1 46
+3 91
-2 45
+4 135
-4 1
+4 3
-17 184
+14 229

fn=(454) _IO_file_close_it@@GLIBC_2.4
fi=(95)
884 2
+1 12
+56 4
fi=(103)
57 2
fi=(95)
941 4
+2 2
-2 2
+3 4
fi=(103)
57 8
cfi=(90)
cfn=(472) _IO_file_finish@@GLIBC_2.4
calls=2 169 
* 42
+1 6
fi=(95)
856 4
+1 2
-1 4
+1 22
+6 4
cfi=(78)
cfn=(466)
calls=2 3087 
* 200
* 10
fi=(103)
53 8
+18 6
fi=(95)
885 16
fe=(90)
129 2
+2 6
+4 8
-1 2
+4 4
-4 2
+6 4
cfi=(89)
cfn=(456) _IO_unsave_markers
calls=2 962 
* 10
+2 2
+1 8
fi=(95)
941 4
fe=(90)
143 2
fi=(95)
941 4
+2 2
-2 2
+3 4
fe=(90)
143 6
cfn=(460)
calls=2 1168 
* 1214
-7 6
cfn=(424) _IO_do_write@@GLIBC_2.4
calls=1 424 
* 100
* 2

fn=(550) _IO_file_sync@@GLIBC_2.4
798 1
-5 1
+5 1
-5 2
+5 1
+2 1
+1 2
+11 4
+4 2

fn=(424)
424 46
+2 92
* 46
cfn=(438)
calls=46 +8 
* 4230
* 138
+1 46

fn=(358) _IO_new_file_init_internal
112 2
-5 2
+5 4
-5 2
+5 2
-1 6
+3 2
cfi=(89)
cfn=(360) _IO_link_in
calls=2 -27 
* 244
+1 4
+1 2

fn=(364) _IO_file_open
183 4
+2 2
-2 6
+2 2
-2 4
+2 2
+4 4
cfi=(91)
cfn=(366)
calls=2 33 
* 92
* 2
+1 2
+1 4
-1 2
+3 4
+3 2
-3 4
-1 2
+1 6
+3 4
+10 4
cfi=(89)
cfn=(360)
calls=2 87 
* 50
+1 2
+1 4

fn=(378) _IO_file_xsgetn
fi=(95)
884 1
fi=(94)
38 1
fi=(95)
884 2
+1 5
fi=(94)
40 4
+1 2
fi=(95)
885 8
fe=(90)
1280 92129
-7 460645
+7 184258
+11 184256
fi=(95)
941 92128
fe=(90)
1291 92128
fi=(95)
941 368512
fe=(90)
1293 184256
+1 184256
-1 88
+1 88
+8 90
+8 135
+9 135
+1 180
-29 88
+31 90
cfi=(89)
cfn=(396) __underflow
calls=45 270 
* 5759
* 91
+39 2
-78 2
+5 2
cfi=(89)
cfn=(380) _IO_doallocbuf
calls=1 344 
* 514
+8 276381
cob=(2)
cfi=(19)
cfn=(410)
calls=92127 0 
* 1658286
+1 368508
+64 184254

fn=(400) _IO_file_underflow@@GLIBC_2.4
462 46
+4 46
-4 46
+4 46
-4 46
+4 46
+3 138
+6 92
+1 92
-1 46
+3 138
+12 138
fi=(95)
885 276
fe=(90)
506 92
cfi=(89)
cfn=(404) _IO_switch_to_get_mode
calls=46 164 
* 920
+11 46
-5 46
fi=(95)
943 46
+1 46
fe=(90)
512 46
+1 46
+1 92
fi=(95)
944 46
fe=(90)
517 230
cfn=(406) _IO_file_read
calls=46 1132 
* 920
+2 92
+16 45
-9 45
+9 135
-9 90
+9 45
+2 90
+1 45
-17 1
+11 1
+1 1
-11 2
+2 2
+8 2
+6 1

fn=(472)
169 4
+1 6
+6 4
+1 2
-1 2
cfi=(89)
cfn=(474) _IO_default_finish
calls=2 601 
* 24

fn=(362) _IO_file_fopen@@GLIBC_2.4
214 12
+9 2
-9 2
+9 2
-9 6
+9 2
+2 8
-11 2
357 2
214 2
357 18
225 4
+13 1
+10 3
-23 1
+13 1
+10 27
-2 4
+35 12
cfn=(364)
calls=2 -98 
* 208
+3 6
+3 8
cfi=(92) /build/glibc-B7ONIp/glibc-2.31/string/strstr.c
cfn=(368) strstr
calls=2 77 
* 88
+1 4
-40 4
-20 1
+1 1
-14 2

fn=(442)
1174 46
+2 46
-2 46
+2 184
+5 46
cfi=(102)
cfn=(444)
calls=46 25 
* 736
+1 46
+6 46
-6 46
+5 46
-11 92
+2 46
+3 230
+10 184
+3 138

fn=(388) _IO_file_stat
1147 3
+1 9
cfi=(97)
cfn=(390)
calls=3 37 
* 800

fn=(406)
1132 46
+2 138
cfi=(98) /build/glibc-B7ONIp/glibc-2.31/io/../sysdeps/unix/sysv/linux/read.c
cfn=(408) read
calls=46 25 
* 736

fn=(422)
424 2
+2 6
+1 2
733 68
-1 136
+1 136
+7 272
+3 4
+35 63
+3 63
+1 63
+1 105
+4 21
+1 21
-48 132
+35 198
+1 90
+12 45
-12 90
cfn=(424)
calls=45 424 
* 4498
-31 4
cfi=(89)
cfn=(380)
calls=2 344 
* 714

fl=(105) /build/glibc-B7ONIp/glibc-2.31/debug/printf_chk.c
fn=(482) __printf_chk
25 1
+3 1
-3 13
+8 1
-1 1
+1 6
cfi=(106)
cfn=(484)
calls=1 1289 
* 2489
-8 1
+12 1
-12 1
+12 10

fl=(92)
fn=(368)
77 14
+5 2
-5 6
+5 4
+2 6
cfi=(93)
cfn=(370)
calls=2 -56 
* 24
+1 6
+44 2
-52 2
+84 2
-84 2
+84 18

fl=(64)
fn=(260)
52 4
+3 1
-3 1
+3 2
+12 1
+10 1
-9 1
+1 1
-2 1
+1 1
-1 1
+1 1
+1 2
+8 1
cfi=(65) /build/glibc-B7ONIp/glibc-2.31/misc/init-misc.c
cfn=(262) __init_misc
calls=1 -47 
* 99
+8 2
-5 1
cfi=(67) /build/glibc-B7ONIp/glibc-2.31/ctype/ctype-info.c
cfn=(266) __ctype_init
calls=1 -49 
* 26
-25 2
+7 2
-7 2
+7 6

fl=(87)
fn=(350)
0 3
cfi=(88) /build/glibc-B7ONIp/glibc-2.31/string/../sysdeps/arm/memset.S
cfn=(352) memset
calls=1 29 
0 139

fn=(428) __udivsi3
0 480

fn=(426)
0 188
cfn=(428)
calls=47 0 
0 470
0 188

fl=(86)
fn=(348)
40 101
+5 101
+1 101
+1 101

fl=(75)
fn=(308)
86 2
cfn=(310) __fopen_internal
calls=1 -29 
* 28732740

fn=(309) fopen@@GLIBC_2.4'2
86 2
cfn=(311) __fopen_internal'2
calls=1 -29 
* 28664313

fn=(310)
0 6
fi=(69)
cfn=(309)
calls=1 86 
0 28664315
fi=(69)
0 3
fe=(75)
57 3
+8 1
-8 2
+8 1
cfi=(89)
cfn=(354) _IO_no_init
calls=1 563 
* 418
cfi=(78)
cfn=(320)
calls=1 3023 
* 67270
cob=(1)
cfi=(76)
cfn=(316)
calls=1 -25 
* 701
* 20

fn=(311)
0 14
fi=(69)
cfi=(94)
cfn=(374) fread
calls=1 31 
0 28663653
fi=(69)
0 3
fe=(75)
57 3
+8 1
-8 2
+8 1
cfi=(89)
cfn=(354)
calls=1 563 
* 419
cfi=(78)
cfn=(320)
calls=1 3023 
* 201
* 16
+8 2
+1 2
-1 4
+1 2
cfi=(90)
cfn=(358)
calls=2 +38 
* 270
+1 10
cfi=(90)
cfn=(362)
calls=2 214 
* 433
* 4
-38 6
+44 6

fl=(88)
fn=(352)
29 1
+1 1
+1 1
+3 1
+1 1
+1 1
+1 1
+2 1
+1 1
+1 1
+1 1
+3 1
+1 1
+1 1
+1 1
+1 1
+1 1
+1 1
+1 1
+1 1
-8 12
+1 12
+1 11
+1 11
+1 11
+1 11
+1 11
+1 11
+1 11
-6 1
+1 1
+1 1
+1 1
+1 1
+1 1
+1 1
+2 1
+2 1
+1 1
+1 1
+1 1
+1 1
+1 1
+1 1
+1 1
+1 1
+2 1

fl=(111)
fn=(496)
139 1
-1 1
+1 4
cfn=(498) __run_exit_handlers
calls=1 -99 
* 2134

fn=(498)
40 6
+5 3
+28 1
+41 1
-41 3
+41 1
-58 18
+3 4
+2 4
+9 1
+6 1
-6 1
+3 1
-1 1
+1 1
-1 1
+4 7
+1 6
+35 9
+2 5
-44 3
+50 3
+1 1
+5 8
-20 1
-3 1
+3 2
+2 2
-2 2
+2 1
cob=(1)
cfi=(113)
cfn=(502)
calls=1 -78 
* 1595
+1 1
-44 1
+1 1
-1 3
+1 7
+63 2
+1 14
cfi=(89)
cfn=(538) _IO_cleanup
calls=1 863 
* 391
* 2
+2 2
cfi=(116) /build/glibc-B7ONIp/glibc-2.31/posix/../sysdeps/unix/sysv/linux/_exit.c
cfn=(552) _Exit
calls=1 31 
* 4
-86 1
cfi=(112)
cfn=(500)
calls=1 146 
* 10
* 1

fl=(67)
fn=(266)
31 2
-2 1
+2 6
+2 1
+2 1
-4 1
+2 1
-2 2
+2 3
+2 1
-2 1
+2 3
+1 1
-1 1
+1 1

fl=(89)
fn=(376) _IO_sgetn
409 184258
fi=(95)
941 184258
fe=(89)
411 92129
fi=(95)
941 276387
+2 92129
+1 184258
fe=(89)
411 92129
+1 184258
-1 92129
cfi=(90)
cfn=(378)
calls=92129 1280 
* 4337284

fn=(396)
270 46
-1 92
+1 48
+5 138
+3 138
+2 138
+6 92
fi=(95)
941 92
fe=(89)
293 46
fi=(95)
941 92
+2 46
-2 46
+3 92
fe=(89)
293 92
+1 46
-1 46
cfi=(90)
cfn=(400)
calls=46 462 
* 4369
-2 138
-21 90

fn=(474)
601 4
+2 4
+6 4
+3 4
54 6
624 2

fn=(538)
863 1
+3 1
-3 9
+3 1
cfn=(540) _IO_flush_all_lockp
calls=1 691 
* 141
-80 1
+77 1
-77 2
+80 2
-80 2
+1 20
+3 1
-3 1
+3 1
-3 1
+3 1
-3 3
+3 2
fi=(95)
941 6
fe=(89)
838 6
-48 9
+9 9
+2 6
+6 17
+8 7
+9 5
cfi=(90)
cfn=(546)
calls=1 382 
* 68
+2 3
+4 5
+1 17
+11 4
+1 2
+20 1
+15 1
-15 1
+15 9
-92 4
+56 9
-23 1
-2 1
+3 1
+4 1
-3 1
-4 1
fi=(95)
943 1
+1 1
fe=(89)
819 1
+2 1
fi=(95)
944 1
fe=(89)

fn=(354)
563 8
+1 2
cfn=(356) _IO_old_init
calls=2 -30 
* 48
+2 2
-1 2
+21 6
-20 2
+15 2
-12 2
-1 2
+2 2
+11 2
-10 2
+2 2
+2 2
+1 2
+2 2
+1 2
+8 4
+1 2
cfi=(75)
cfn=(311)
calls=2 73 
* 739

fn=(430)
371 46
+3 92
fi=(95)
941 368
fe=(89)
379 201
+2 45
+1 135
+2 90
+5 44
+8 45
+2 155
fi=(95)
943 21
+1 42
fe=(89)
399 84
cfi=(90)
cfn=(422)
calls=21 733 
* 630
* 42
+2 21
-22 21
+7 3
cfi=(101)
cfn=(432)
calls=1 34 
* 33
+1 1
-1 1
+1 1
+17 92
-11 88
+1 44
-1 44
+1 44
-1 44
+1 44
-1 44
+1 44
-1 44
+2 132

fn=(548) _IO_default_setbuf
452 2
fi=(95)
941 1
fe=(89)
452 1
fi=(95)
941 1
fe=(89)
452 1
+1 1
fi=(95)
941 3
+2 1
+1 2
fe=(89)
453 3
cfi=(90)
cfn=(550)
calls=1 798 
* 15
* 2
+2 6
+10 1
+2 1
-2 2
+1 2
+2 1
-11 2
+1 1
-1 1
330 3
+7 1
-5 1
+5 1
-4 1
+4 1

fn=(404)
164 92
+1 138
+3 138
+4 46
+1 46
-1 46
+1 46
+1 92
+7 46
-1 46
-2 46
+2 46
-2 46
+4 46

fn=(450) _IO_un_link
54 14
cfn=(452) __GI__IO_un_link.part.0
calls=2 +4 
* 257
+28 2

fn=(452)
58 2
-6 4
+6 2
-6 6
+6 2
-6 14
+6 4
+1 42
+2 2
-2 2
+2 2
-2 2
+1 2
-1 4
+2 28
+2 2
-2 2
+2 8
-2 8
+2 2
+2 6
+3 1
+1 2
+7 12
+1 6
+1 2
-1 2
+1 6
+1 2
-27 2
+30 2
-30 2
+30 16
-24 8
+20 18
-12 1
+8 1
-8 2
+8 1
+2 2
-5 1
-3 1
+6 1
-3 1
+3 1
+2 18

fn=(380)
fi=(90)
1291 2
fi=(95)
941 1
fi=(90)
1291 1
fi=(95)
941 4
fi=(90)
1293 2
+1 2
-1 2
+1 2
+8 2
+8 3
+9 3
+1 4
-29 2
+31 2
cfi=(89)
cfn=(396)
calls=1 270 
* 128
* 2
-34 1
+8 3
cob=(2)
cfi=(19)
cfn=(410)
calls=1 0 
* 28
+1 4
+64 2
755 4
+9 2
+8 2
-8 2
+4 2
+3 2
-6 6
+6 2
-6 6
+7 2
-5 2
+2 4
+3 2
+3 4
+1 4
+12 2
-12 4
-4 4
+1 6
-27 10
fe=(89)
344 6
+2 3
-3 3
+3 9
fi=(95)
941 6
fe=(89)
347 3
fi=(95)
941 6
+2 3
-2 3
+3 6
fe=(89)
347 9
cfi=(96)
cfn=(384) _IO_file_doallocate
calls=3 78 
* 899

fn=(540)
691 1
-5 2
+5 1
-5 6
+5 1
-5 4
+5 2
+1 20
+3 1
-3 1
+3 1
-3 1
+3 1
-3 3
+3 2
fi=(95)
941 1
fe=(89)
687 1
fi=(95)
941 4
fe=(89)
697 3
+1 1
-1 6
+1 2
+3 9
+8 3
+2 6
-16 3
+16 6
-16 8
+20 5
+1 2
-30 1
+34 1
-34 1
+34 9
-19 9
-10 4
+24 9

fn=(392)
fi=(90)
155 2
+3 2
-3 4
+1 4
+2 2
cfi=(89)
cfn=(450)
calls=2 54 
* 8
+1 2
+1 2
-1 2
+2 4
-1 2
-1 2
+2 2
+3 4
fe=(89)
329 10
+1 5
-1 20
+1 9
+3 3
+1 3
+1 6
+3 3
cfi=(96)
cfn=(385) _IO_file_doallocate'2
calls=3 105 
* 36
-7 2
cfi=(78)
cfn=(466)
calls=2 3087 
* 365
cob=(1)
cfi=(76)
cfn=(316)
calls=1 40 
* 713
* 24

fn=(456)
962 4
+5 4
+2 2

fn=(356)
534 2
-2 4
+1 2
+1 2
-1 2
-1 2
+2 4
+21 2
-19 2
+1 2
+1 2
+2 2
+2 2
+1 2
+1 2
+3 2
+2 2
+1 2
+5 2
+1 4
+2 2

fn=(360)
87 40
+1 4
-1 4
+1 8
+4 2
-2 6
+2 14
+1 42
+2 2
-2 4
+1 2
-1 4
+2 32
+2 2
-2 2
+2 6
-2 2
+3 2
+2 2
-5 6
+2 2
+3 26
+1 6
+1 2
-1 2
+1 24
+1 2
-16 4
+19 4
-19 4
+19 32

fl=(61)
fn=(226)
28 5

fl=(71)
fn=(278)
70 3
cfn=(280) __internal_atexit
calls=1 -34 
* 77

fn=(280)
36 4
+5 2
+2 14
+1 2
cfn=(282) __new_exitfn
calls=1 +44 
* 32
+2 1
-2 1
+2 1
+7 1
+6 1
-1 1
-5 1
+4 1
-4 1
+5 1
-5 1
+2 1
+4 6
+1 2
-1 1
+2 2

fn=(282)
88 1
-6 1
+6 4
+5 5
+2 3
-2 2
+10 1
-10 1
+46 1
-1 2
+1 6
+4 1
-18 1
-1 1
+1 2

fl=(104)
fn=(462)
fi=(90)
143 2
+3 6
+8 8
+9 6
-9 2
cfi=(89)
cfn=(392)
calls=2 329 
* 1166
fe=(104)
26 2
-1 2
+1 2
cfi=(86)
cfn=(348)
calls=2 +14 
* 8
* 4
+1 2

fl=(116)
fn=(552)
31 1
-4 2
+4 1

fl=(103)
fn=(448)
0 2
fi=(69)
cfn=(449) fclose@@GLIBC_2.4'2
calls=1 48 
0 3314
fi=(69)
0 3
fe=(103)
48 1
-14 1
+14 1
-14 3
+14 1
+3 21
+1 4
+1 2
cfi=(90)
cfn=(454)
calls=1 +76 
* 1159
-4 1
cfi=(89)
cfn=(450)
calls=1 +5 
* 134
+2 4

fn=(449)
0 5
fi=(69)
cfi=(105)
cfn=(482)
calls=1 25 
0 2525
fi=(69)
0 15
fe=(103)
48 1
-14 1
+14 1
-14 3
+14 1
+3 21
+1 4
+1 2
cfi=(90)
cfn=(454)
calls=1 +76 
* 599
-4 1
cfi=(89)
cfn=(450)
calls=1 +5 
* 131
+2 4

fl=(98)
fn=(408)
25 46
+1 276
cfi=(86)
cfn=(348)
calls=46 +14 
* 184
* 138
+1 92

fl=(96)
fn=(384)
78 30
+6 9
fi=(95)
941 6
fe=(96)
84 3
fi=(95)
941 6
+2 3
-2 3
+3 6
fe=(96)
84 12
cfi=(90)
cfn=(388)
calls=3 1147 
* 812
fi=(89)
347 6
+3 3
fe=(96)

fn=(385)
105 3
-27 3
+28 3
-28 3
+28 24

fl=(80)
fn=(324)
290 3
+1 1
-1 1
+1 1
-1 6
+1 1
-1 1
+1 2
+11 1
-8 2
+8 4
+1 5
cfi=(81)
cfn=(326) _dl_addr
calls=1 126 
* 66413
fi=(79)
32 1
+1 2
-1 1
fe=(80)

fl=(94)
fn=(374)
0 6
fi=(69)
cob=(5)
cfi=(69)
cfn=(436)
calls=1 0 
0 28662328
cfn=(375)
calls=1 31 
0 120
cfi=(100)
cfn=(418)
calls=1 31 
0 582
fi=(69)
0 18
fe=(94)
31 1
+1 1
+3 2
+2 27
+1 4
cfi=(89)
cfn=(376)
calls=1 409 
* 564

fn=(375)
31 92128
+1 92128
+3 184256
+2 2487456
+1 368512
cfi=(89)
cfn=(376)
calls=92128 409 
* 5718655
fi=(95)
884 92128
fe=(94)
38 92128
fi=(95)
884 184256
+1 460640
fe=(94)
40 368515
cfi=(87)
cfn=(428)
calls=1 -40 
* 10
* 1
+1 184256
fi=(95)
885 737024
fe=(94)

fl=(81)
fn=(326)
fi=(80)
308 9
fi=(78)
1798 1
-3 3
+3 126
-3 378
+11 2
+1 2
-1 1
fi=(80)
313 1
fi=(78)
1807 1
-1 1
fi=(80)
313 1
fi=(78)
1807 1
+2 1
fi=(80)
313 1
fi=(78)
1809 1
fi=(80)
313 3
cob=(1)
cfi=(9)
cfn=(80)
calls=12 +55 
* 339
cob=(1)
cfi=(76)
cfn=(316)
calls=1 40 
* 1014
* 114
-10 2
+1 5
fe=(81)
126 4
+5 1
-5 2
+5 1
-5 1
+5 2
-5 1
+5 1
cob=(1)
cfi=(2)
cfn=(56)
calls=1 802 
* 4
+2 2
cob=(1)
cfi=(2)
cfn=(58)
calls=1 808 
* 7
cob=(1)
cfi=(82)
cfn=(330)
calls=1 +68 
* 43
cob=(1)
cfi=(76)
cfn=(316)
calls=1 -93 
* 996
* 63341

fn=(327)
144 3

fl=(99) /build/glibc-B7ONIp/glibc-2.31/string/../sysdeps/arm/armv7/multiarch/memcpy_impl.S
fn=(412) __memcpy_neon
269 184214
+1 184214
+1 184214
+17 184214
+5 368448
+2 2
+1 2
+1 2
+15 2
+1 2
+1 2
+1 2
+1 2
+1 2
-24 8
+2 1
+1 1
+1 1
+15 1
+1 1
+1 1
+1 1
+1 1
+1 1
-22 184211
+1 184211
+1 184211
+15 184211
+1 184211
+1 184211
+1 184211
+1 184211
+1 184211

fl=(84)
fn=(344)
32 2
+8 2
-8 6
+8 10
+4 4
+4 6
+12 2
-19 2
cfi=(85)
cfn=(346)
calls=1 -13 
* 20
* 4
+15 2
cfi=(85)
cfn=(346)
calls=1 -28 
* 20
* 2
+4 2

fl=(100)
fn=(418)
31 92128
+1 92128
+3 184256
+2 2487456
+1 184258
fi=(95)
941 2
fe=(100)
39 1
fi=(95)
941 2
+2 1
-2 1
+3 2
-3 184254
fe=(100)
39 92127
fi=(95)
941 184254
+2 92127
-2 92127
+3 184254
fe=(100)
39 460640
cfi=(90)
cfn=(420)
calls=92128 1198 
* 5075144
fi=(95)
884 276384
fe=(100)
39 92128
fi=(95)
884 276384
fe=(100)
45 552768
+1 92128
+3 184256
-11 184254
fi=(95)
885 1289792
fe=(100)

fl=(114)
fn=(508)
30 8
+3 4
-3 2
+3 18
+3 6
+7 6
+45 12
-52 6
+4 12
-4 6
+58 10
+6 2
-2 12
-4 6
+12 2
+1 4
cfi=(115)
cfn=(510)
calls=2 -27 
* 56
+2 16
+1 4

fl=(65)
fn=(262)
30 3
+1 4
+2 3
cfi=(66)
cfn=(264)
calls=1 -4 
* 79
+1 1
+3 2
+1 6
+2 1

ob=(4)
fl=(63)
fn=(522)
0 14
cfn=(530) 0x00000361
calls=1 0 
0 14
cob=(3)
cfi=(114)
cfn=(508)
calls=1 30 
0 96
cob=(1)
cfi=(76)
cfn=(316)
calls=1 40 
0 762
0 8
fi=(113)
111 2
+2 6
+6 2
-3 4
+3 4
+18 3
+5 2
+1 4
cob=(2)
cfi=(19)
cfn=(536) 0x0482b570
calls=1 0 
* 2
+6 21
-40 3
+59 3
-59 3
+59 6
-59 5
-59 5
+70 6
fe=(63)

fn=(254)
0 13

fn=(534) 0x000003e3
0 5

fn=(250) 0x0000033c
0 6

fn=(530)
0 9
cfn=(534)
calls=1 0 
0 5

ob=(2)
fl=(19)
fn=(410)
0 552642
cob=(3)
cfi=(99)
cfn=(412)
calls=184214 269 
0 2763238

fn=(286)
0 2
cob=(5)
cfi=(69)
cfn=(288)
calls=1 0 
0 6
0 1

fn=(536)
0 2

fn=(248)
0 2
cob=(4)
cfi=(63)
cfn=(250)
calls=1 0 
0 6
0 1

fn=(520)
0 2

totals: 28853741
